1.9633e-08 1.5e-05 3e-06 0.00167299 0.999999 0 0 0 0 
5.88987e-08 1.49999e-05 3e-06 0.00428976 0.999991 0 0 0 0 
9.81641e-08 1.49996e-05 3e-06 0.00690649 0.999976 0 0 0 0 
1.37429e-07 1.49993e-05 3e-06 0.00952318 0.999955 -3.26989e-21 0 0 0 
1.76692e-07 1.49989e-05 3e-06 0.0121398 0.999926 3.26989e-21 0 0 0 
2.15955e-07 1.49984e-05 3e-06 0.0147563 0.999891 3.26989e-21 0 0 0 
2.55216e-07 1.49977e-05 3e-06 0.0173728 0.999849 0 0 0 0 
2.94475e-07 1.4997e-05 3e-06 0.0199891 0.9998 0 0 0 0 
3.33732e-07 1.49962e-05 3e-06 0.0226053 0.999744 0 0 0 0 
3.72987e-07 1.49952e-05 3e-06 0.0252213 0.999682 0 0 0 0 
4.12239e-07 1.49942e-05 3e-06 0.0278372 0.999612 0 0 0 0 
4.51488e-07 1.4993e-05 3e-06 0.0304528 0.999536 0 0 0 0 
4.90734e-07 1.49918e-05 3e-06 0.0330683 0.999453 0 0 0 0 
5.29977e-07 1.49904e-05 3e-06 0.0356835 0.999363 0 0 0 0 
5.69216e-07 1.4989e-05 3e-06 0.0382985 0.999266 0 0 0 0 
6.08451e-07 1.49874e-05 3e-06 0.0409132 0.999163 -1.30795e-20 0 0 0 
6.47682e-07 1.49858e-05 3e-06 0.0435277 0.999052 0 0 0 0 
6.86908e-07 1.4984e-05 3e-06 0.0461418 0.998935 0 0 0 0 
7.2613e-07 1.49821e-05 3e-06 0.0487557 0.998811 0 0 0 0 
7.65347e-07 1.49802e-05 3e-06 0.0513692 0.99868 1.30795e-20 0 0 0 
8.04558e-07 1.49781e-05 3e-06 0.0539823 0.998542 0 0 0 0 
8.43764e-07 1.49759e-05 3e-06 0.0565951 0.998397 0 0 0 0 
8.82964e-07 1.49737e-05 3e-06 0.0592075 0.998246 0 0 0 0 
9.22158e-07 1.49713e-05 3e-06 0.0618195 0.998087 0 0 0 0 
9.61346e-07 1.49688e-05 3e-06 0.064431 0.997922 0 0 0 0 
1.00053e-06 1.49662e-05 3e-06 0.0670421 0.99775 1.30795e-20 0 0 0 
1.0397e-06 1.49635e-05 3e-06 0.0696528 0.997571 0 0 0 0 
1.07887e-06 1.49608e-05 3e-06 0.072263 0.997386 0 0 0 0 
1.11803e-06 1.49579e-05 3e-06 0.0748727 0.997193 -2.61591e-20 0 0 0 
1.15718e-06 1.49549e-05 3e-06 0.0774818 0.996994 0 0 0 0 
1.19632e-06 1.49518e-05 3e-06 0.0800905 0.996788 0 0 0 0 
1.23546e-06 1.49486e-05 3e-06 0.0826986 0.996575 0 0 0 0 
1.27459e-06 1.49453e-05 3e-06 0.0853061 0.996355 0 0 0 0 
1.3137e-06 1.49419e-05 3e-06 0.087913 0.996128 2.61591e-20 0 0 0 
1.35281e-06 1.49384e-05 3e-06 0.0905194 0.995895 0 0 0 0 
1.39191e-06 1.49348e-05 3e-06 0.0931251 0.995654 -2.61591e-20 0 0 0 
1.431e-06 1.49311e-05 3e-06 0.0957302 0.995407 0 0 0 0 
1.47009e-06 1.49273e-05 3e-06 0.0983346 0.995153 -2.61591e-20 0 0 0 
1.50916e-06 1.49234e-05 3e-06 0.100938 0.994893 2.61591e-20 0 0 0 
1.54822e-06 1.49193e-05 3e-06 0.103541 0.994625 2.61591e-20 0 0 0 
1.58727e-06 1.49152e-05 3e-06 0.106144 0.994351 0 0 0 0 
1.6263e-06 1.4911e-05 3e-06 0.108745 0.99407 0 0 0 0 
1.66533e-06 1.49067e-05 3e-06 0.111346 0.993782 -2.61591e-20 0 0 0 
1.70435e-06 1.49023e-05 3e-06 0.113946 0.993487 -2.61591e-20 0 0 0 
1.74335e-06 1.48977e-05 3e-06 0.116546 0.993185 0 0 0 0 
1.78234e-06 1.48931e-05 3e-06 0.119144 0.992877 0 0 0 0 
1.82132e-06 1.48884e-05 3e-06 0.121742 0.992562 2.61591e-20 0 0 0 
1.86029e-06 1.48835e-05 3e-06 0.124339 0.99224 0 0 0 0 
1.89925e-06 1.48786e-05 3e-06 0.126935 0.991911 2.61591e-20 0 0 0 
1.93819e-06 1.48736e-05 3e-06 0.12953 0.991575 0 0 0 0 
1.97712e-06 1.48684e-05 3e-06 0.132124 0.991233 0 0 0 0 
2.01603e-06 1.48632e-05 3e-06 0.134718 0.990884 2.61591e-20 0 0 0 
2.05493e-06 1.48579e-05 3e-06 0.13731 0.990528 2.61591e-20 0 0 0 
2.09382e-06 1.48524e-05 3e-06 0.139902 0.990165 0 0 0 0 
2.13269e-06 1.48469e-05 3e-06 0.142492 0.989796 2.61591e-20 0 0 0 
2.17155e-06 1.48412e-05 3e-06 0.145082 0.98942 2.61591e-20 0 0 0 
2.21039e-06 1.48355e-05 3e-06 0.147671 0.989037 5.23182e-20 0 0 0 
2.24922e-06 1.48296e-05 3e-06 0.150258 0.988647 0 0 0 0 
2.28803e-06 1.48237e-05 3e-06 0.152845 0.98825 0 0 0 0 
2.32683e-06 1.48176e-05 3e-06 0.15543 0.987847 -5.23182e-20 0 0 0 
2.36561e-06 1.48115e-05 3e-06 0.158015 0.987437 0 0 0 0 
2.40438e-06 1.48052e-05 3e-06 0.160598 0.98702 0 0 0 0 
2.44312e-06 1.47989e-05 3e-06 0.16318 0.986596 0 0 0 0 
2.48185e-06 1.47924e-05 3e-06 0.165761 0.986166 5.23182e-20 0 0 0 
2.52057e-06 1.47858e-05 3e-06 0.168341 0.985729 0 0 0 0 
2.55927e-06 1.47792e-05 3e-06 0.17092 0.985285 0 0 0 0 
2.59795e-06 1.47724e-05 3e-06 0.173498 0.984834 0 0 0 0 
2.63661e-06 1.47656e-05 3e-06 0.176074 0.984377 -5.23182e-20 0 0 0 
2.67525e-06 1.47586e-05 3e-06 0.17865 0.983913 0 0 0 0 
2.71388e-06 1.47515e-05 3e-06 0.181224 0.983442 0 0 0 0 
2.75248e-06 1.47444e-05 3e-06 0.183797 0.982964 0 0 0 0 
2.79107e-06 1.47371e-05 3e-06 0.186368 0.98248 5.23182e-20 0 0 0 
2.82964e-06 1.47297e-05 3e-06 0.188938 0.981989 0 0 0 0 
2.86819e-06 1.47223e-05 3e-06 0.191507 0.981491 -5.23182e-20 0 0 0 
2.90672e-06 1.47147e-05 3e-06 0.194075 0.980987 -5.23182e-20 0 0 0 
2.94523e-06 1.4707e-05 3e-06 0.196642 0.980475 5.23182e-20 0 0 0 
2.98371e-06 1.46992e-05 3e-06 0.199207 0.979958 0 0 0 0 
3.02218e-06 1.46914e-05 3e-06 0.20177 0.979433 0 0 0 0 
3.06063e-06 1.46834e-05 3e-06 0.204332 0.978902 0 0 0 0 
3.09906e-06 1.46753e-05 3e-06 0.206893 0.978364 0 0 0 0 
3.13746e-06 1.46671e-05 3e-06 0.209453 0.977819 0 0 0 0 
3.17585e-06 1.46589e-05 3e-06 0.212011 0.977267 0 0 0 0 
3.21421e-06 1.46505e-05 3e-06 0.214567 0.976709 0 0 0 0 
3.25255e-06 1.4642e-05 3e-06 0.217122 0.976144 0 0 0 0 
3.29087e-06 1.46334e-05 3e-06 0.219676 0.975573 0 0 0 0 
3.32916e-06 1.46248e-05 3e-06 0.222228 0.974995 -5.23182e-20 0 0 0 
3.36744e-06 1.4616e-05 3e-06 0.224779 0.97441 5.23182e-20 0 0 0 
3.40569e-06 1.46071e-05 3e-06 0.227328 0.973818 5.23182e-20 0 0 0 
3.44391e-06 1.45981e-05 3e-06 0.229875 0.97322 0 0 0 0 
3.48212e-06 1.45891e-05 3e-06 0.232421 0.972615 0 0 0 0 
3.52029e-06 1.45799e-05 3e-06 0.234965 0.972004 0 0 0 0 
3.55845e-06 1.45706e-05 3e-06 0.237508 0.971386 -5.23182e-20 0 0 0 
3.59658e-06 1.45612e-05 3e-06 0.240049 0.970761 -5.23182e-20 0 0 0 
3.63468e-06 1.45518e-05 3e-06 0.242589 0.970129 0 0 0 0 
3.67276e-06 1.45422e-05 3e-06 0.245127 0.969491 5.23182e-20 0 0 0 
3.71082e-06 1.45325e-05 3e-06 0.247663 0.968846 0 0 0 0 
3.74885e-06 1.45227e-05 3e-06 0.250197 0.968195 5.23182e-20 0 0 0 
3.78685e-06 1.45129e-05 3e-06 0.25273 0.967537 5.23182e-20 0 0 0 
3.82483e-06 1.45029e-05 3e-06 0.255261 0.966872 0 0 0 0 
3.86278e-06 1.44928e-05 3e-06 0.25779 0.966201 0 0 0 0 
3.90071e-06 1.44826e-05 3e-06 0.260317 0.965523 0 0 0 0 
3.93861e-06 1.44724e-05 3e-06 0.262843 0.964839 0 0 0 0 
3.97648e-06 1.4462e-05 3e-06 0.265367 0.964148 0 0 0 0 
4.01433e-06 1.44515e-05 3e-06 0.267889 0.96345 0 0 0 0 
4.05214e-06 1.4441e-05 3e-06 0.270409 0.962746 0 0 0 0 
4.08993e-06 1.44303e-05 3e-06 0.272927 0.962035 0 0 0 0 
4.12769e-06 1.44195e-05 3e-06 0.275444 0.961317 0 0 0 0 
4.16543e-06 1.44087e-05 3e-06 0.277959 0.960593 -5.23182e-20 0 0 0 
4.20313e-06 1.43977e-05 3e-06 0.280471 0.959862 0 0 0 0 
4.2408e-06 1.43866e-05 3e-06 0.282982 0.959125 0 0 0 0 
4.27845e-06 1.43755e-05 3e-06 0.285491 0.958381 0 0 0 0 
4.31607e-06 1.43642e-05 3e-06 0.287998 0.957631 5.23182e-20 0 0 0 
4.35366e-06 1.43529e-05 3e-06 0.290503 0.956874 0 0 0 0 
4.39121e-06 1.43414e-05 3e-06 0.293006 0.956111 0 0 0 0 
4.42874e-06 1.43299e-05 3e-06 0.295507 0.955341 0 0 0 0 
4.46624e-06 1.43182e-05 3e-06 0.298005 0.954564 -5.23182e-20 0 0 0 
4.5037e-06 1.43065e-05 3e-06 0.300502 0.953781 0 0 0 0 
4.54114e-06 1.42946e-05 3e-06 0.302997 0.952991 0 0 0 0 
4.57854e-06 1.42827e-05 3e-06 0.30549 0.952195 0 0 0 0 
4.61592e-06 1.42706e-05 3e-06 0.307981 0.951393 -1.04636e-19 0 0 0 
4.65326e-06 1.42585e-05 3e-06 0.310469 0.950583 0 0 0 0 
4.69057e-06 1.42462e-05 3e-06 0.312955 0.949768 0 0 0 0 
4.72785e-06 1.42339e-05 3e-06 0.31544 0.948946 0 0 0 0 
4.76509e-06 1.42215e-05 3e-06 0.317922 0.948117 1.04636e-19 0 0 0 
4.8023e-06 1.42089e-05 3e-06 0.320402 0.947282 0 0 0 0 
4.83948e-06 1.41963e-05 3e-06 0.322879 0.94644 -1.04636e-19 0 0 0 
4.87663e-06 1.41836e-05 3e-06 0.325355 0.945592 -1.04636e-19 0 0 0 
4.91374e-06 1.41707e-05 3e-06 0.327828 0.944737 0 0 0 0 
4.95082e-06 1.41578e-05 3e-06 0.330299 0.943876 0 0 0 0 
4.98787e-06 1.41448e-05 3e-06 0.332768 0.943009 0 0 0 0 
5.02488e-06 1.41317e-05 3e-06 0.335235 0.942135 0 0 0 0 
5.06185e-06 1.41185e-05 3e-06 0.337699 0.941254 0 0 0 0 
5.0988e-06 1.41052e-05 3e-06 0.340161 0.940367 0 0 0 0 
5.1357e-06 1.40918e-05 3e-06 0.34262 0.939474 1.04636e-19 0 0 0 
5.17257e-06 1.40783e-05 3e-06 0.345077 0.938574 0 0 0 0 
5.20941e-06 1.40647e-05 3e-06 0.347532 0.937668 -1.04636e-19 0 0 0 
5.24621e-06 1.4051e-05 3e-06 0.349985 0.936755 0 0 0 0 
5.28298e-06 1.40372e-05 3e-06 0.352435 0.935836 1.04636e-19 0 0 0 
5.3197e-06 1.40233e-05 3e-06 0.354883 0.934911 0 0 0 0 
5.3564e-06 1.40093e-05 3e-06 0.357328 0.933979 0 0 0 0 
5.39305e-06 1.39952e-05 3e-06 0.359771 0.933041 0 0 0 0 
5.42967e-06 1.39811e-05 3e-06 0.362211 0.932096 -1.04636e-19 0 0 0 
5.46625e-06 1.39668e-05 3e-06 0.364649 0.931145 0 0 0 0 
5.50279e-06 1.39524e-05 3e-06 0.367084 0.930188 -1.04636e-19 0 0 0 
5.5393e-06 1.3938e-05 3e-06 0.369517 0.929224 0 0 0 0 
5.57577e-06 1.39234e-05 3e-06 0.371947 0.928254 1.04636e-19 0 0 0 
5.6122e-06 1.39088e-05 3e-06 0.374375 0.927277 0 0 0 0 
5.64859e-06 1.3894e-05 3e-06 0.3768 0.926295 0 0 0 0 
5.68494e-06 1.38792e-05 3e-06 0.379223 0.925305 0 0 0 0 
5.72125e-06 1.38642e-05 3e-06 0.381643 0.92431 -1.04636e-19 0 0 0 
5.75753e-06 1.38492e-05 3e-06 0.38406 0.923308 0 0 0 0 
5.79376e-06 1.38341e-05 3e-06 0.386475 0.9223 0 0 0 0 
5.82996e-06 1.38188e-05 3e-06 0.388887 0.921285 0 0 0 0 
5.86611e-06 1.38035e-05 3e-06 0.391297 0.920265 0 0 0 0 
5.90223e-06 1.37881e-05 3e-06 0.393703 0.919238 0 0 0 0 
5.9383e-06 1.37726e-05 3e-06 0.396107 0.918204 -1.04636e-19 0 0 0 
5.97434e-06 1.3757e-05 3e-06 0.398509 0.917164 -1.04636e-19 0 0 0 
6.01033e-06 1.37413e-05 3e-06 0.400907 0.916119 -1.04636e-19 0 0 0 
6.04628e-06 1.37255e-05 3e-06 0.403303 0.915066 0 0 0 0 
6.08219e-06 1.37096e-05 3e-06 0.405697 0.914008 0 0 0 0 
6.11806e-06 1.36937e-05 3e-06 0.408087 0.912943 0 0 0 0 
6.15389e-06 1.36776e-05 3e-06 0.410474 0.911872 0 0 0 0 
6.18967e-06 1.36614e-05 3e-06 0.412859 0.910795 -1.04636e-19 0 0 0 
6.22541e-06 1.36452e-05 3e-06 0.415241 0.909711 -1.04636e-19 0 0 0 
6.26111e-06 1.36288e-05 3e-06 0.41762 0.908622 0 0 0 0 
6.29677e-06 1.36124e-05 3e-06 0.419996 0.907526 0 0 0 0 
6.33238e-06 1.35958e-05 3e-06 0.42237 0.906424 0 0 0 0 
6.36795e-06 1.35792e-05 3e-06 0.42474 0.905315 1.04636e-19 0 0 0 
6.40348e-06 1.35625e-05 3e-06 0.427108 0.904201 0 0 0 0 
6.43896e-06 1.35457e-05 3e-06 0.429472 0.90308 0 0 0 0 
6.4744e-06 1.35287e-05 3e-06 0.431834 0.901953 1.04636e-19 0 0 0 
6.50979e-06 1.35117e-05 3e-06 0.434193 0.90082 1.04636e-19 0 0 0 
6.54514e-06 1.34947e-05 3e-06 0.436549 0.899681 0 0 0 0 
6.58045e-06 1.34775e-05 3e-06 0.438901 0.898535 0 0 0 0 
6.61571e-06 1.34602e-05 3e-06 0.441251 0.897384 0 0 0 0 
6.65092e-06 1.34428e-05 3e-06 0.443598 0.896226 -1.04636e-19 0 0 0 
6.68609e-06 1.34253e-05 3e-06 0.445942 0.895062 0 0 0 0 
6.72121e-06 1.34078e-05 3e-06 0.448282 0.893892 0 0 0 0 
6.75629e-06 1.33901e-05 3e-06 0.45062 0.892716 -1.04636e-19 0 0 0 
6.79132e-06 1.33724e-05 3e-06 0.452954 0.891534 0 0 0 0 
6.8263e-06 1.33546e-05 3e-06 0.455286 0.890345 0 0 0 0 
6.86124e-06 1.33366e-05 3e-06 0.457614 0.889151 0 0 0 0 
6.89613e-06 1.33186e-05 3e-06 0.459939 0.88795 1.04636e-19 0 0 0 
6.93097e-06 1.33005e-05 3e-06 0.462261 0.886744 0 0 0 0 
6.96576e-06 1.32823e-05 3e-06 0.46458 0.885531 0 0 0 0 
7.00051e-06 1.3264e-05 3e-06 0.466896 0.884312 0 0 0 0 
7.03521e-06 1.32457e-05 3e-06 0.469208 0.883088 0 0 0 0 
7.06986e-06 1.32272e-05 3e-06 0.471517 0.881857 0 0 0 0 
7.10447e-06 1.32086e-05 3e-06 0.473823 0.88062 -1.04636e-19 0 0 0 
7.13902e-06 1.319e-05 3e-06 0.476126 0.879377 0 0 0 0 
7.17352e-06 1.31712e-05 3e-06 0.478426 0.878128 0 0 0 0 
7.20798e-06 1.31524e-05 3e-06 0.480722 0.876873 1.04636e-19 0 0 0 
7.24239e-06 1.31335e-05 3e-06 0.483015 0.875612 0 0 0 0 
7.27674e-06 1.31145e-05 3e-06 0.485304 0.874345 -1.04636e-19 0 0 0 
7.31105e-06 1.30954e-05 3e-06 0.487591 0.873072 -1.04636e-19 0 0 0 
7.34531e-06 1.30762e-05 3e-06 0.489874 0.871793 0 0 0 0 
7.37951e-06 1.30569e-05 3e-06 0.492153 0.870509 -1.04636e-19 0 0 0 
7.41367e-06 1.30375e-05 3e-06 0.494429 0.869218 0 0 0 0 
7.44778e-06 1.30181e-05 3e-06 0.496702 0.867921 1.04636e-19 0 0 0 
7.48183e-06 1.29985e-05 3e-06 0.498972 0.866618 1.04636e-19 0 0 0 
7.51583e-06 1.29789e-05 3e-06 0.501238 0.86531 -1.04636e-19 0 0 0 
7.54978e-06 1.29592e-05 3e-06 0.5035 0.863995 1.04636e-19 0 0 0 
7.58368e-06 1.29394e-05 3e-06 0.50576 0.862674 0 0 0 0 
7.61753e-06 1.29195e-05 3e-06 0.508015 0.861348 0 0 0 0 
7.65133e-06 1.28995e-05 3e-06 0.510268 0.860016 0 0 0 0 
7.68507e-06 1.28794e-05 3e-06 0.512516 0.858678 0 0 0 0 
7.71876e-06 1.28592e-05 3e-06 0.514761 0.857333 1.04636e-19 0 0 0 
7.7524e-06 1.2839e-05 3e-06 0.517003 0.855984 0 0 0 0 
7.78598e-06 1.28186e-05 3e-06 0.519241 0.854628 -1.04636e-19 0 0 0 
7.81951e-06 1.27982e-05 3e-06 0.521476 0.853266 -1.04636e-19 0 0 0 
7.85299e-06 1.27777e-05 3e-06 0.523707 0.851899 0 0 0 0 
7.88641e-06 1.2757e-05 3e-06 0.525934 0.850525 0 0 0 0 
7.91978e-06 1.27364e-05 3e-06 0.528158 0.849146 0 0 0 0 
7.9531e-06 1.27156e-05 3e-06 0.530378 0.847761 0 0 0 0 
7.98636e-06 1.26947e-05 3e-06 0.532595 0.84637 0 0 0 0 
8.01957e-06 1.26737e-05 3e-06 0.534808 0.844974 0 0 0 0 
8.05272e-06 1.26527e-05 3e-06 0.537017 0.843571 0 0 0 0 
8.08581e-06 1.26316e-05 3e-06 0.539223 0.842163 -1.04636e-19 0 0 0 
8.11885e-06 1.26104e-05 3e-06 0.541425 0.840749 0 0 0 0 
8.15184e-06 1.25891e-05 3e-06 0.543623 0.83933 1.04636e-19 0 0 0 
8.18477e-06 1.25677e-05 3e-06 0.545817 0.837904 0 0 0 0 
8.21764e-06 1.25462e-05 3e-06 0.548008 0.836473 1.04636e-19 0 0 0 
8.25046e-06 1.25246e-05 3e-06 0.550195 0.835036 0 0 0 0 
8.28322e-06 1.2503e-05 3e-06 0.552378 0.833594 0 0 0 0 
8.31592e-06 1.24813e-05 3e-06 0.554558 0.832145 0 0 0 0 
8.34857e-06 1.24594e-05 3e-06 0.556733 0.830691 0 0 0 0 
8.38116e-06 1.24375e-05 3e-06 0.558905 0.829232 0 0 0 0 
8.41369e-06 1.24155e-05 3e-06 0.561073 0.827766 0 0 0 0 
8.44616e-06 1.23935e-05 3e-06 0.563237 0.826295 1.04636e-19 0 0 0 
8.47858e-06 1.23713e-05 3e-06 0.565398 0.824818 0 0 0 0 
8.51094e-06 1.23491e-05 3e-06 0.567554 0.823336 0 0 0 0 
8.54324e-06 1.23267e-05 3e-06 0.569707 0.821848 0 0 0 0 
8.57548e-06 1.23043e-05 3e-06 0.571855 0.820355 0 0 0 0 
8.60766e-06 1.22818e-05 3e-06 0.574 0.818855 1.04636e-19 0 0 0 
8.63979e-06 1.22592e-05 3e-06 0.576141 0.81735 0 0 0 0 
8.67185e-06 1.22366e-05 3e-06 0.578278 0.81584 0 0 0 0 
8.70386e-06 1.22138e-05 3e-06 0.580411 0.814324 0 0 0 0 
8.7358e-06 1.2191e-05 3e-06 0.582539 0.812802 1.04636e-19 0 0 0 
8.76769e-06 1.21681e-05 3e-06 0.584664 0.811275 0 0 0 0 
8.79951e-06 1.21451e-05 3e-06 0.586785 0.809743 0 0 0 0 
8.83128e-06 1.2122e-05 3e-06 0.588902 0.808204 0 0 0 0 
8.86298e-06 1.20988e-05 3e-06 0.591015 0.806661 0 0 0 0 
8.89463e-06 1.20756e-05 3e-06 0.593124 0.805111 1.04636e-19 0 0 0 
8.92621e-06 1.20523e-05 3e-06 0.595229 0.803556 1.04636e-19 0 0 0 
8.95773e-06 1.20288e-05 3e-06 0.597329 0.801996 0 0 0 0 
8.98919e-06 1.20054e-05 3e-06 0.599426 0.80043 -1.04636e-19 0 0 0 
9.02059e-06 1.19818e-05 3e-06 0.601518 0.798859 0 0 0 0 
9.05193e-06 1.19581e-05 3e-06 0.603607 0.797282 0 0 0 0 
9.0832e-06 1.19344e-05 3e-06 0.605691 0.7957 0 0 0 0 
9.11441e-06 1.19105e-05 3e-06 0.607771 0.794112 -1.04636e-19 0 0 0 
9.14556e-06 1.18866e-05 3e-06 0.609847 0.792519 -1.04636e-19 0 0 0 
9.17665e-06 1.18627e-05 3e-06 0.611919 0.790921 -1.04636e-19 0 0 0 
9.20768e-06 1.18386e-05 3e-06 0.613986 0.789317 -1.04636e-19 0 0 0 
9.23864e-06 1.18144e-05 3e-06 0.61605 0.787707 -1.04636e-19 0 0 0 
9.26954e-06 1.17902e-05 3e-06 0.618109 0.786092 1.04636e-19 0 0 0 
9.30037e-06 1.17659e-05 3e-06 0.620164 0.784472 -1.04636e-19 0 0 0 
9.33114e-06 1.17415e-05 3e-06 0.622214 0.782847 -1.04636e-19 0 0 0 
9.36185e-06 1.1717e-05 3e-06 0.624261 0.781216 0 0 0 0 
9.39249e-06 1.16925e-05 3e-06 0.626303 0.77958 -1.04636e-19 0 0 0 
9.42307e-06 1.16678e-05 3e-06 0.628341 0.777938 0 0 0 0 
9.45359e-06 1.16431e-05 3e-06 0.630374 0.776291 0 0 0 0 
9.48404e-06 1.16183e-05 3e-06 0.632404 0.774639 0 0 0 0 
9.51442e-06 1.15935e-05 3e-06 0.634429 0.772982 -1.04636e-19 0 0 0 
9.54474e-06 1.15685e-05 3e-06 0.636449 0.771319 -1.04636e-19 0 0 0 
9.57499e-06 1.15435e-05 3e-06 0.638465 0.769651 1.04636e-19 0 0 0 
9.60518e-06 1.15184e-05 3e-06 0.640477 0.767977 0 0 0 0 
9.6353e-06 1.14932e-05 3e-06 0.642484 0.766299 1.04636e-19 0 0 0 
9.66536e-06 1.14679e-05 3e-06 0.644488 0.764615 1.04636e-19 0 0 0 
9.69535e-06 1.14426e-05 3e-06 0.646486 0.762926 0 0 0 0 
9.72527e-06 1.14172e-05 3e-06 0.64848 0.761231 0 0 0 0 
9.75513e-06 1.13917e-05 3e-06 0.65047 0.759532 0 0 0 0 
9.78492e-06 1.13661e-05 3e-06 0.652455 0.757827 0 0 0 0 
9.81464e-06 1.13404e-05 3e-06 0.654436 0.756117 1.04636e-19 0 0 0 
9.8443e-06 1.13147e-05 3e-06 0.656413 0.754402 0 0 0 0 
9.87389e-06 1.12889e-05 3e-06 0.658384 0.752682 0 0 0 0 
9.90341e-06 1.1263e-05 3e-06 0.660352 0.750956 1.04636e-19 0 0 0 
9.93286e-06 1.1237e-05 3e-06 0.662315 0.749226 0 0 0 0 
9.96225e-06 1.1211e-05 3e-06 0.664273 0.74749 0 0 0 0 
9.99157e-06 1.11848e-05 3e-06 0.666227 0.745749 0 0 0 0 
1.00208e-05 1.11586e-05 3e-06 0.668176 0.744003 0 0 0 0 
1.005e-05 1.11324e-05 3e-06 0.67012 0.742252 -1.04636e-19 0 0 0 
1.00791e-05 1.1106e-05 3e-06 0.67206 0.740496 1.04636e-19 0 0 0 
1.01081e-05 1.10796e-05 3e-06 0.673996 0.738735 0 0 0 0 
1.01371e-05 1.10531e-05 3e-06 0.675927 0.736969 0 0 0 0 
1.0166e-05 1.10265e-05 3e-06 0.677853 0.735198 0 0 0 0 
1.01949e-05 1.09999e-05 3e-06 0.679774 0.733421 0 0 0 0 
1.02236e-05 1.09731e-05 3e-06 0.681691 0.73164 -1.04636e-19 0 0 0 
1.02523e-05 1.09463e-05 3e-06 0.683603 0.729854 0 0 0 0 
1.02809e-05 1.09194e-05 3e-06 0.685511 0.728062 0 0 0 0 
1.03095e-05 1.08925e-05 3e-06 0.687414 0.726266 0 0 0 0 
1.0338e-05 1.08655e-05 3e-06 0.689312 0.724465 0 0 0 0 
1.03664e-05 1.08384e-05 3e-06 0.691205 0.722658 1.04636e-19 0 0 0 
1.03947e-05 1.08112e-05 3e-06 0.693094 0.720847 -1.04636e-19 0 0 0 
1.0423e-05 1.07839e-05 3e-06 0.694978 0.719031 0 0 0 0 
1.04512e-05 1.07566e-05 3e-06 0.696857 0.71721 0 0 0 0 
1.04793e-05 1.07292e-05 3e-06 0.698731 0.715384 0 0 0 0 
1.05074e-05 1.07017e-05 3e-06 0.700601 0.713553 -1.04636e-19 0 0 0 
1.05354e-05 1.06742e-05 3e-06 0.702466 0.711717 0 0 0 0 
1.05633e-05 1.06466e-05 3e-06 0.704326 0.709877 0 0 0 0 
1.05911e-05 1.06189e-05 3e-06 0.706181 0.708031 0 0 0 0 
1.06189e-05 1.05911e-05 3e-06 0.708031 0.706181 0 0 0 0 
1.06466e-05 1.05633e-05 3e-06 0.709877 0.704326 0 0 0 0 
1.06742e-05 1.05354e-05 3e-06 0.711717 0.702466 0 0 0 0 
1.07017e-05 1.05074e-05 3e-06 0.713553 0.700601 1.04636e-19 0 0 0 
1.07292e-05 1.04793e-05 3e-06 0.715384 0.698731 0 0 0 0 
1.07566e-05 1.04512e-05 3e-06 0.71721 0.696857 0 0 0 0 
1.07839e-05 1.0423e-05 3e-06 0.719031 0.694978 0 0 0 0 
1.08112e-05 1.03947e-05 3e-06 0.720847 0.693094 1.04636e-19 0 0 0 
1.08384e-05 1.03664e-05 3e-06 0.722658 0.691205 -1.04636e-19 0 0 0 
1.08655e-05 1.0338e-05 3e-06 0.724465 0.689312 0 0 0 0 
1.08925e-05 1.03095e-05 3e-06 0.726266 0.687414 0 0 0 0 
1.09194e-05 1.02809e-05 3e-06 0.728062 0.685511 0 0 0 0 
1.09463e-05 1.02523e-05 3e-06 0.729854 0.683603 0 0 0 0 
1.09731e-05 1.02236e-05 3e-06 0.73164 0.681691 1.04636e-19 0 0 0 
1.09999e-05 1.01949e-05 3e-06 0.733421 0.679774 0 0 0 0 
1.10265e-05 1.0166e-05 3e-06 0.735198 0.677853 0 0 0 0 
1.10531e-05 1.01371e-05 3e-06 0.736969 0.675927 0 0 0 0 
1.10796e-05 1.01081e-05 3e-06 0.738735 0.673996 0 0 0 0 
1.1106e-05 1.00791e-05 3e-06 0.740496 0.67206 -1.04636e-19 0 0 0 
1.11324e-05 1.005e-05 3e-06 0.742252 0.67012 0 0 0 0 
1.11586e-05 1.00208e-05 3e-06 0.744003 0.668176 0 0 0 0 
1.11848e-05 9.99157e-06 3e-06 0.745749 0.666227 0 0 0 0 
1.1211e-05 9.96225e-06 3e-06 0.74749 0.664273 0 0 0 0 
1.1237e-05 9.93286e-06 3e-06 0.749226 0.662315 0 0 0 0 
1.1263e-05 9.90341e-06 3e-06 0.750956 0.660352 -1.04636e-19 0 0 0 
1.12889e-05 9.87389e-06 3e-06 0.752682 0.658384 0 0 0 0 
1.13147e-05 9.8443e-06 3e-06 0.754402 0.656413 1.04636e-19 0 0 0 
1.13404e-05 9.81464e-06 3e-06 0.756117 0.654436 -1.04636e-19 0 0 0 
1.13661e-05 9.78492e-06 3e-06 0.757827 0.652455 0 0 0 0 
1.13917e-05 9.75513e-06 3e-06 0.759532 0.65047 0 0 0 0 
1.14172e-05 9.72527e-06 3e-06 0.761231 0.64848 0 0 0 0 
1.14426e-05 9.69535e-06 3e-06 0.762926 0.646486 0 0 0 0 
1.14679e-05 9.66536e-06 3e-06 0.764615 0.644488 -1.04636e-19 0 0 0 
1.14932e-05 9.6353e-06 3e-06 0.766299 0.642484 -1.04636e-19 0 0 0 
1.15184e-05 9.60518e-06 3e-06 0.767977 0.640477 0 0 0 0 
1.15435e-05 9.57499e-06 3e-06 0.769651 0.638465 -1.04636e-19 0 0 0 
1.15685e-05 9.54474e-06 3e-06 0.771319 0.636449 1.04636e-19 0 0 0 
1.15935e-05 9.51442e-06 3e-06 0.772982 0.634429 1.04636e-19 0 0 0 
1.16183e-05 9.48404e-06 3e-06 0.774639 0.632404 0 0 0 0 
1.16431e-05 9.45359e-06 3e-06 0.776291 0.630374 0 0 0 0 
1.16678e-05 9.42307e-06 3e-06 0.777938 0.628341 0 0 0 0 
1.16925e-05 9.39249e-06 3e-06 0.77958 0.626303 1.04636e-19 0 0 0 
1.1717e-05 9.36185e-06 3e-06 0.781216 0.624261 0 0 0 0 
1.17415e-05 9.33114e-06 3e-06 0.782847 0.622214 1.04636e-19 0 0 0 
1.17659e-05 9.30037e-06 3e-06 0.784472 0.620164 1.04636e-19 0 0 0 
1.17902e-05 9.26954e-06 3e-06 0.786092 0.618109 0 0 0 0 
1.18144e-05 9.23864e-06 3e-06 0.787707 0.61605 1.04636e-19 0 0 0 
1.18386e-05 9.20768e-06 3e-06 0.789317 0.613986 1.04636e-19 0 0 0 
1.18627e-05 9.17665e-06 3e-06 0.790921 0.611919 1.04636e-19 0 0 0 
1.18866e-05 9.14556e-06 3e-06 0.792519 0.609847 1.04636e-19 0 0 0 
1.19105e-05 9.11441e-06 3e-06 0.794112 0.607771 1.04636e-19 0 0 0 
1.19344e-05 9.0832e-06 3e-06 0.7957 0.605691 0 0 0 0 
1.19581e-05 9.05193e-06 3e-06 0.797282 0.603607 0 0 0 0 
1.19818e-05 9.02059e-06 3e-06 0.798859 0.601518 0 0 0 0 
1.20054e-05 8.98919e-06 3e-06 0.80043 0.599426 1.04636e-19 0 0 0 
1.20288e-05 8.95773e-06 3e-06 0.801996 0.597329 0 0 0 0 
1.20523e-05 8.92621e-06 3e-06 0.803556 0.595229 -1.04636e-19 0 0 0 
1.20756e-05 8.89463e-06 3e-06 0.805111 0.593124 -1.04636e-19 0 0 0 
1.20988e-05 8.86298e-06 3e-06 0.806661 0.591015 0 0 0 0 
1.2122e-05 8.83128e-06 3e-06 0.808204 0.588902 0 0 0 0 
1.21451e-05 8.79951e-06 3e-06 0.809743 0.586785 0 0 0 0 
1.21681e-05 8.76769e-06 3e-06 0.811275 0.584664 0 0 0 0 
1.2191e-05 8.7358e-06 3e-06 0.812802 0.582539 -1.04636e-19 0 0 0 
1.22138e-05 8.70386e-06 3e-06 0.814324 0.580411 0 0 0 0 
1.22366e-05 8.67185e-06 3e-06 0.81584 0.578278 0 0 0 0 
1.22592e-05 8.63979e-06 3e-06 0.81735 0.576141 0 0 0 0 
1.22818e-05 8.60766e-06 3e-06 0.818855 0.574 -1.04636e-19 0 0 0 
1.23043e-05 8.57548e-06 3e-06 0.820355 0.571855 0 0 0 0 
1.23267e-05 8.54324e-06 3e-06 0.821848 0.569707 0 0 0 0 
1.23491e-05 8.51094e-06 3e-06 0.823336 0.567554 0 0 0 0 
1.23713e-05 8.47858e-06 3e-06 0.824818 0.565398 0 0 0 0 
1.23935e-05 8.44616e-06 3e-06 0.826295 0.563237 -1.04636e-19 0 0 0 
1.24155e-05 8.41369e-06 3e-06 0.827766 0.561073 0 0 0 0 
1.24375e-05 8.38116e-06 3e-06 0.829232 0.558905 0 0 0 0 
1.24594e-05 8.34857e-06 3e-06 0.830691 0.556733 0 0 0 0 
1.24813e-05 8.31592e-06 3e-06 0.832145 0.554558 1.04636e-19 0 0 0 
1.2503e-05 8.28322e-06 3e-06 0.833594 0.552378 0 0 0 0 
1.25246e-05 8.25046e-06 3e-06 0.835036 0.550195 0 0 0 0 
1.25462e-05 8.21764e-06 3e-06 0.836473 0.548008 -1.04636e-19 0 0 0 
1.25677e-05 8.18477e-06 3e-06 0.837904 0.545817 0 0 0 0 
1.25891e-05 8.15184e-06 3e-06 0.83933 0.543623 -1.04636e-19 0 0 0 
1.26104e-05 8.11885e-06 3e-06 0.840749 0.541425 0 0 0 0 
1.26316e-05 8.08581e-06 3e-06 0.842163 0.539223 1.04636e-19 0 0 0 
1.26527e-05 8.05272e-06 3e-06 0.843571 0.537017 0 0 0 0 
1.26737e-05 8.01957e-06 3e-06 0.844974 0.534808 0 0 0 0 
1.26947e-05 7.98636e-06 3e-06 0.84637 0.532595 0 0 0 0 
1.27156e-05 7.9531e-06 3e-06 0.847761 0.530378 0 0 0 0 
1.27364e-05 7.91978e-06 3e-06 0.849146 0.528158 0 0 0 0 
1.2757e-05 7.88641e-06 3e-06 0.850525 0.525934 0 0 0 0 
1.27777e-05 7.85299e-06 3e-06 0.851899 0.523707 0 0 0 0 
1.27982e-05 7.81951e-06 3e-06 0.853266 0.521476 1.04636e-19 0 0 0 
1.28186e-05 7.78598e-06 3e-06 0.854628 0.519241 1.04636e-19 0 0 0 
1.2839e-05 7.7524e-06 3e-06 0.855984 0.517003 0 0 0 0 
1.28592e-05 7.71876e-06 3e-06 0.857333 0.514761 -1.04636e-19 0 0 0 
1.28794e-05 7.68507e-06 3e-06 0.858678 0.512516 0 0 0 0 
1.28995e-05 7.65133e-06 3e-06 0.860016 0.510268 0 0 0 0 
1.29195e-05 7.61753e-06 3e-06 0.861348 0.508015 1.04636e-19 0 0 0 
1.29394e-05 7.58368e-06 3e-06 0.862674 0.50576 0 0 0 0 
1.29592e-05 7.54978e-06 3e-06 0.863995 0.5035 -1.04636e-19 0 0 0 
1.29789e-05 7.51583e-06 3e-06 0.86531 0.501238 1.04636e-19 0 0 0 
1.29985e-05 7.48183e-06 3e-06 0.866618 0.498972 -1.04636e-19 0 0 0 
1.30181e-05 7.44778e-06 3e-06 0.867921 0.496702 -1.04636e-19 0 0 0 
1.30375e-05 7.41367e-06 3e-06 0.869218 0.494429 0 0 0 0 
1.30569e-05 7.37951e-06 3e-06 0.870509 0.492153 1.04636e-19 0 0 0 
1.30762e-05 7.34531e-06 3e-06 0.871793 0.489874 0 0 0 0 
1.30954e-05 7.31105e-06 3e-06 0.873072 0.487591 1.04636e-19 0 0 0 
1.31145e-05 7.27674e-06 3e-06 0.874345 0.485304 0 0 0 0 
1.31335e-05 7.24239e-06 3e-06 0.875612 0.483015 0 0 0 0 
1.31524e-05 7.20798e-06 3e-06 0.876873 0.480722 -1.04636e-19 0 0 0 
1.31712e-05 7.17352e-06 3e-06 0.878128 0.478426 0 0 0 0 
1.319e-05 7.13902e-06 3e-06 0.879377 0.476126 0 0 0 0 
1.32086e-05 7.10447e-06 3e-06 0.88062 0.473823 1.04636e-19 0 0 0 
1.32272e-05 7.06986e-06 3e-06 0.881857 0.471517 0 0 0 0 
1.32457e-05 7.03521e-06 3e-06 0.883088 0.469208 0 0 0 0 
1.3264e-05 7.00051e-06 3e-06 0.884312 0.466896 0 0 0 0 
1.32823e-05 6.96576e-06 3e-06 0.885531 0.46458 0 0 0 0 
1.33005e-05 6.93097e-06 3e-06 0.886744 0.462261 0 0 0 0 
1.33186e-05 6.89613e-06 3e-06 0.88795 0.459939 0 0 0 0 
1.33366e-05 6.86124e-06 3e-06 0.889151 0.457614 0 0 0 0 
1.33546e-05 6.8263e-06 3e-06 0.890345 0.455286 0 0 0 0 
1.33724e-05 6.79132e-06 3e-06 0.891534 0.452954 0 0 0 0 
1.33901e-05 6.75629e-06 3e-06 0.892716 0.45062 0 0 0 0 
1.34078e-05 6.72121e-06 3e-06 0.893892 0.448282 0 0 0 0 
1.34253e-05 6.68609e-06 3e-06 0.895062 0.445942 0 0 0 0 
1.34428e-05 6.65092e-06 3e-06 0.896226 0.443598 1.04636e-19 0 0 0 
1.34602e-05 6.61571e-06 3e-06 0.897384 0.441251 0 0 0 0 
1.34775e-05 6.58045e-06 3e-06 0.898535 0.438901 0 0 0 0 
1.34947e-05 6.54514e-06 3e-06 0.899681 0.436549 0 0 0 0 
1.35117e-05 6.50979e-06 3e-06 0.90082 0.434193 -1.04636e-19 0 0 0 
1.35287e-05 6.4744e-06 3e-06 0.901953 0.431834 -1.04636e-19 0 0 0 
1.35457e-05 6.43896e-06 3e-06 0.90308 0.429472 0 0 0 0 
1.35625e-05 6.40348e-06 3e-06 0.904201 0.427108 0 0 0 0 
1.35792e-05 6.36795e-06 3e-06 0.905315 0.42474 -1.04636e-19 0 0 0 
1.35958e-05 6.33238e-06 3e-06 0.906424 0.42237 0 0 0 0 
1.36124e-05 6.29677e-06 3e-06 0.907526 0.419996 0 0 0 0 
1.36288e-05 6.26111e-06 3e-06 0.908622 0.41762 0 0 0 0 
1.36452e-05 6.22541e-06 3e-06 0.909711 0.415241 1.04636e-19 0 0 0 
1.36614e-05 6.18967e-06 3e-06 0.910795 0.412859 1.04636e-19 0 0 0 
1.36776e-05 6.15389e-06 3e-06 0.911872 0.410474 0 0 0 0 
1.36937e-05 6.11806e-06 3e-06 0.912943 0.408087 0 0 0 0 
1.37096e-05 6.08219e-06 3e-06 0.914008 0.405697 0 0 0 0 
1.37255e-05 6.04628e-06 3e-06 0.915066 0.403303 0 0 0 0 
1.37413e-05 6.01033e-06 3e-06 0.916119 0.400907 0 0 0 0 
1.3757e-05 5.97434e-06 3e-06 0.917164 0.398509 1.04636e-19 0 0 0 
1.37726e-05 5.9383e-06 3e-06 0.918204 0.396107 0 0 0 0 
1.37881e-05 5.90223e-06 3e-06 0.919238 0.393703 0 0 0 0 
1.38035e-05 5.86611e-06 3e-06 0.920265 0.391297 0 0 0 0 
1.38188e-05 5.82996e-06 3e-06 0.921285 0.388887 0 0 0 0 
1.38341e-05 5.79376e-06 3e-06 0.9223 0.386475 0 0 0 0 
1.38492e-05 5.75753e-06 3e-06 0.923308 0.38406 0 0 0 0 
1.38642e-05 5.72125e-06 3e-06 0.92431 0.381643 0 0 0 0 
1.38792e-05 5.68494e-06 3e-06 0.925305 0.379223 0 0 0 0 
1.3894e-05 5.64859e-06 3e-06 0.926295 0.3768 0 0 0 0 
1.39088e-05 5.6122e-06 3e-06 0.927277 0.374375 0 0 0 0 
1.39234e-05 5.57577e-06 3e-06 0.928254 0.371947 -1.04636e-19 0 0 0 
1.3938e-05 5.5393e-06 3e-06 0.929224 0.369517 0 0 0 0 
1.39524e-05 5.50279e-06 3e-06 0.930188 0.367084 1.04636e-19 0 0 0 
1.39668e-05 5.46625e-06 3e-06 0.931145 0.364649 0 0 0 0 
1.39811e-05 5.42967e-06 3e-06 0.932096 0.362211 0 0 0 0 
1.39952e-05 5.39305e-06 3e-06 0.933041 0.359771 0 0 0 0 
1.40093e-05 5.3564e-06 3e-06 0.933979 0.357328 0 0 0 0 
1.40233e-05 5.3197e-06 3e-06 0.934911 0.354883 0 0 0 0 
1.40372e-05 5.28298e-06 3e-06 0.935836 0.352435 -1.04636e-19 0 0 0 
1.4051e-05 5.24621e-06 3e-06 0.936755 0.349985 0 0 0 0 
1.40647e-05 5.20941e-06 3e-06 0.937668 0.347532 1.04636e-19 0 0 0 
1.40783e-05 5.17257e-06 3e-06 0.938574 0.345077 0 0 0 0 
1.40918e-05 5.1357e-06 3e-06 0.939474 0.34262 -1.04636e-19 0 0 0 
1.41052e-05 5.0988e-06 3e-06 0.940367 0.340161 0 0 0 0 
1.41185e-05 5.06185e-06 3e-06 0.941254 0.337699 0 0 0 0 
1.41317e-05 5.02488e-06 3e-06 0.942135 0.335235 0 0 0 0 
1.41448e-05 4.98787e-06 3e-06 0.943009 0.332768 0 0 0 0 
1.41578e-05 4.95082e-06 3e-06 0.943876 0.330299 0 0 0 0 
1.41707e-05 4.91374e-06 3e-06 0.944737 0.327828 0 0 0 0 
1.41836e-05 4.87663e-06 3e-06 0.945592 0.325355 1.04636e-19 0 0 0 
1.41963e-05 4.83948e-06 3e-06 0.94644 0.322879 1.04636e-19 0 0 0 
1.42089e-05 4.8023e-06 3e-06 0.947282 0.320402 0 0 0 0 
1.42215e-05 4.76509e-06 3e-06 0.948117 0.317922 0 0 0 0 
1.42339e-05 4.72785e-06 3e-06 0.948946 0.31544 0 0 0 0 
1.42462e-05 4.69057e-06 3e-06 0.949768 0.312955 0 0 0 0 
1.42585e-05 4.65326e-06 3e-06 0.950583 0.310469 0 0 0 0 
1.42706e-05 4.61592e-06 3e-06 0.951393 0.307981 0 0 0 0 
1.42827e-05 4.57854e-06 3e-06 0.952195 0.30549 0 0 0 0 
1.42946e-05 4.54114e-06 3e-06 0.952991 0.302997 0 0 0 0 
1.43065e-05 4.5037e-06 3e-06 0.953781 0.300502 -5.23182e-20 0 0 0 
1.43182e-05 4.46624e-06 3e-06 0.954564 0.298005 5.23182e-20 0 0 0 
1.43299e-05 4.42874e-06 3e-06 0.955341 0.295507 0 0 0 0 
1.43414e-05 4.39121e-06 3e-06 0.956111 0.293006 0 0 0 0 
1.43529e-05 4.35366e-06 3e-06 0.956874 0.290503 0 0 0 0 
1.43642e-05 4.31607e-06 3e-06 0.957631 0.287998 -5.23182e-20 0 0 0 
1.43755e-05 4.27845e-06 3e-06 0.958381 0.285491 0 0 0 0 
1.43866e-05 4.2408e-06 3e-06 0.959125 0.282982 0 0 0 0 
1.43977e-05 4.20313e-06 3e-06 0.959862 0.280471 0 0 0 0 
1.44087e-05 4.16543e-06 3e-06 0.960593 0.277959 5.23182e-20 0 0 0 
1.44195e-05 4.12769e-06 3e-06 0.961317 0.275444 0 0 0 0 
1.44303e-05 4.08993e-06 3e-06 0.962035 0.272927 0 0 0 0 
1.4441e-05 4.05214e-06 3e-06 0.962746 0.270409 0 0 0 0 
1.44515e-05 4.01433e-06 3e-06 0.96345 0.267889 0 0 0 0 
1.4462e-05 3.97648e-06 3e-06 0.964148 0.265367 0 0 0 0 
1.44724e-05 3.93861e-06 3e-06 0.964839 0.262843 0 0 0 0 
1.44826e-05 3.90071e-06 3e-06 0.965523 0.260317 0 0 0 0 
1.44928e-05 3.86278e-06 3e-06 0.966201 0.25779 0 0 0 0 
1.45029e-05 3.82483e-06 3e-06 0.966872 0.255261 0 0 0 0 
1.45129e-05 3.78685e-06 3e-06 0.967537 0.25273 -5.23182e-20 0 0 0 
1.45227e-05 3.74885e-06 3e-06 0.968195 0.250197 -5.23182e-20 0 0 0 
1.45325e-05 3.71082e-06 3e-06 0.968846 0.247663 0 0 0 0 
1.45422e-05 3.67276e-06 3e-06 0.969491 0.245127 -5.23182e-20 0 0 0 
1.45518e-05 3.63468e-06 3e-06 0.970129 0.242589 0 0 0 0 
1.45612e-05 3.59658e-06 3e-06 0.970761 0.240049 5.23182e-20 0 0 0 
1.45706e-05 3.55845e-06 3e-06 0.971386 0.237508 5.23182e-20 0 0 0 
1.45799e-05 3.52029e-06 3e-06 0.972004 0.234965 0 0 0 0 
1.45891e-05 3.48212e-06 3e-06 0.972615 0.232421 0 0 0 0 
1.45981e-05 3.44391e-06 3e-06 0.97322 0.229875 0 0 0 0 
1.46071e-05 3.40569e-06 3e-06 0.973818 0.227328 -5.23182e-20 0 0 0 
1.4616e-05 3.36744e-06 3e-06 0.97441 0.224779 -5.23182e-20 0 0 0 
1.46248e-05 3.32916e-06 3e-06 0.974995 0.222228 5.23182e-20 0 0 0 
1.46334e-05 3.29087e-06 3e-06 0.975573 0.219676 5.23182e-20 0 0 0 
1.4642e-05 3.25255e-06 3e-06 0.976144 0.217122 0 0 0 0 
1.46505e-05 3.21421e-06 3e-06 0.976709 0.214567 0 0 0 0 
1.46589e-05 3.17585e-06 3e-06 0.977267 0.212011 0 0 0 0 
1.46671e-05 3.13746e-06 3e-06 0.977819 0.209453 0 0 0 0 
1.46753e-05 3.09906e-06 3e-06 0.978364 0.206893 0 0 0 0 
1.46834e-05 3.06063e-06 3e-06 0.978902 0.204332 0 0 0 0 
1.46914e-05 3.02218e-06 3e-06 0.979433 0.20177 0 0 0 0 
1.46992e-05 2.98371e-06 3e-06 0.979958 0.199207 0 0 0 0 
1.4707e-05 2.94523e-06 3e-06 0.980475 0.196642 -5.23182e-20 0 0 0 
1.47147e-05 2.90672e-06 3e-06 0.980987 0.194075 5.23182e-20 0 0 0 
1.47223e-05 2.86819e-06 3e-06 0.981491 0.191507 5.23182e-20 0 0 0 
1.47297e-05 2.82964e-06 3e-06 0.981989 0.188938 0 0 0 0 
1.47371e-05 2.79107e-06 3e-06 0.98248 0.186368 -5.23182e-20 0 0 0 
1.47444e-05 2.75248e-06 3e-06 0.982964 0.183797 0 0 0 0 
1.47515e-05 2.71388e-06 3e-06 0.983442 0.181224 0 0 0 0 
1.47586e-05 2.67525e-06 3e-06 0.983913 0.17865 0 0 0 0 
1.47656e-05 2.63661e-06 3e-06 0.984377 0.176074 5.23182e-20 0 0 0 
1.47724e-05 2.59795e-06 3e-06 0.984834 0.173498 0 0 0 0 
1.47792e-05 2.55927e-06 3e-06 0.985285 0.17092 0 0 0 0 
1.47858e-05 2.52057e-06 3e-06 0.985729 0.168341 0 0 0 0 
1.47924e-05 2.48185e-06 3e-06 0.986166 0.165761 -5.23182e-20 0 0 0 
1.47989e-05 2.44312e-06 3e-06 0.986596 0.16318 0 0 0 0 
1.48052e-05 2.40438e-06 3e-06 0.98702 0.160598 0 0 0 0 
1.48115e-05 2.36561e-06 3e-06 0.987437 0.158015 0 0 0 0 
1.48176e-05 2.32683e-06 3e-06 0.987847 0.15543 5.23182e-20 0 0 0 
1.48237e-05 2.28803e-06 3e-06 0.98825 0.152845 0 0 0 0 
1.48296e-05 2.24922e-06 3e-06 0.988647 0.150258 0 0 0 0 
1.48355e-05 2.21039e-06 3e-06 0.989037 0.147671 -5.23182e-20 0 0 0 
1.48412e-05 2.17155e-06 3e-06 0.98942 0.145082 -2.61591e-20 0 0 0 
1.48469e-05 2.13269e-06 3e-06 0.989796 0.142492 -2.61591e-20 0 0 0 
1.48524e-05 2.09382e-06 3e-06 0.990165 0.139902 0 0 0 0 
1.48579e-05 2.05493e-06 3e-06 0.990528 0.13731 -2.61591e-20 0 0 0 
1.48632e-05 2.01603e-06 3e-06 0.990884 0.134718 -2.61591e-20 0 0 0 
1.48684e-05 1.97712e-06 3e-06 0.991233 0.132124 0 0 0 0 
1.48736e-05 1.93819e-06 3e-06 0.991575 0.12953 0 0 0 0 
1.48786e-05 1.89925e-06 3e-06 0.991911 0.126935 -2.61591e-20 0 0 0 
1.48835e-05 1.86029e-06 3e-06 0.99224 0.124339 0 0 0 0 
1.48884e-05 1.82132e-06 3e-06 0.992562 0.121742 0 0 0 0 
1.48931e-05 1.78234e-06 3e-06 0.992877 0.119144 0 0 0 0 
1.48977e-05 1.74335e-06 3e-06 0.993185 0.116546 0 0 0 0 
1.49023e-05 1.70435e-06 3e-06 0.993487 0.113946 2.61591e-20 0 0 0 
1.49067e-05 1.66533e-06 3e-06 0.993782 0.111346 2.61591e-20 0 0 0 
1.4911e-05 1.6263e-06 3e-06 0.99407 0.108745 0 0 0 0 
1.49152e-05 1.58727e-06 3e-06 0.994351 0.106144 0 0 0 0 
1.49193e-05 1.54822e-06 3e-06 0.994625 0.103541 -2.61591e-20 0 0 0 
1.49234e-05 1.50916e-06 3e-06 0.994893 0.100938 -2.61591e-20 0 0 0 
1.49273e-05 1.47009e-06 3e-06 0.995153 0.0983346 2.61591e-20 0 0 0 
1.49311e-05 1.431e-06 3e-06 0.995407 0.0957302 0 0 0 0 
1.49348e-05 1.39191e-06 3e-06 0.995654 0.0931251 2.61591e-20 0 0 0 
1.49384e-05 1.35281e-06 3e-06 0.995895 0.0905194 0 0 0 0 
1.49419e-05 1.3137e-06 3e-06 0.996128 0.087913 -2.61591e-20 0 0 0 
1.49453e-05 1.27459e-06 3e-06 0.996355 0.0853061 2.61591e-20 0 0 0 
1.49486e-05 1.23546e-06 3e-06 0.996575 0.0826986 0 0 0 0 
1.49518e-05 1.19632e-06 3e-06 0.996788 0.0800905 0 0 0 0 
1.49549e-05 1.15718e-06 3e-06 0.996994 0.0774818 0 0 0 0 
1.49579e-05 1.11803e-06 3e-06 0.997193 0.0748727 2.61591e-20 0 0 0 
1.49608e-05 1.07887e-06 3e-06 0.997386 0.072263 0 0 0 0 
1.49635e-05 1.0397e-06 3e-06 0.997571 0.0696528 0 0 0 0 
1.49662e-05 1.00053e-06 3e-06 0.99775 0.0670421 -1.30795e-20 0 0 0 
1.49688e-05 9.61346e-07 3e-06 0.997922 0.064431 0 0 0 0 
1.49713e-05 9.22158e-07 3e-06 0.998087 0.0618195 0 0 0 0 
1.49737e-05 8.82964e-07 3e-06 0.998246 0.0592075 0 0 0 0 
1.49759e-05 8.43764e-07 3e-06 0.998397 0.0565951 0 0 0 0 
1.49781e-05 8.04558e-07 3e-06 0.998542 0.0539823 0 0 0 0 
1.49802e-05 7.65347e-07 3e-06 0.99868 0.0513692 0 0 0 0 
1.49821e-05 7.2613e-07 3e-06 0.998811 0.0487557 0 0 0 0 
1.4984e-05 6.86908e-07 3e-06 0.998935 0.0461418 0 0 0 0 
1.49858e-05 6.47682e-07 3e-06 0.999052 0.0435277 0 0 0 0 
1.49874e-05 6.08451e-07 3e-06 0.999163 0.0409132 0 0 0 0 
1.4989e-05 5.69216e-07 3e-06 0.999266 0.0382985 0 0 0 0 
1.49904e-05 5.29977e-07 3e-06 0.999363 0.0356835 0 0 0 0 
1.49918e-05 4.90734e-07 3e-06 0.999453 0.0330683 0 0 0 0 
1.4993e-05 4.51488e-07 3e-06 0.999536 0.0304528 0 0 0 0 
1.49942e-05 4.12239e-07 3e-06 0.999612 0.0278372 0 0 0 0 
1.49952e-05 3.72987e-07 3e-06 0.999682 0.0252213 0 0 0 0 
1.49962e-05 3.33732e-07 3e-06 0.999744 0.0226053 0 0 0 0 
1.4997e-05 2.94475e-07 3e-06 0.9998 0.0199891 0 0 0 0 
1.49977e-05 2.55216e-07 3e-06 0.999849 0.0173728 0 0 0 0 
1.49984e-05 2.15955e-07 3e-06 0.999891 0.0147563 -3.26989e-21 0 0 0 
1.49989e-05 1.76692e-07 3e-06 0.999926 0.0121398 -3.26989e-21 0 0 0 
1.49993e-05 1.37429e-07 3e-06 0.999955 0.00952318 3.26989e-21 0 0 0 
1.49996e-05 9.81641e-08 3e-06 0.999976 0.00690649 -1.63494e-21 0 0 0 
1.49999e-05 5.88987e-08 3e-06 0.999991 0.00428976 0 0 0 0 
1.5e-05 1.9633e-08 3e-06 0.999999 0.00167299 0 0 0 0 
0 5.02083e-06 3e-06 -1 0 0 0 0 0 
0 5.0625e-06 3e-06 -1 0 0 0 0 0 
0 5.10417e-06 3e-06 -1 0 0 0 0 0 
0 5.14583e-06 3e-06 -1 0 0 0 0 0 
0 5.1875e-06 3e-06 -1 0 0 0 0 0 
0 5.22917e-06 3e-06 -1 0 0 0 0 0 
0 5.27083e-06 3e-06 -1 0 0 0 0 0 
0 5.3125e-06 3e-06 -1 0 0 0 0 0 
0 5.35417e-06 3e-06 -1 0 0 0 0 0 
0 5.39583e-06 3e-06 -1 0 0 0 0 0 
0 5.4375e-06 3e-06 -1 0 0 0 0 0 
0 5.47917e-06 3e-06 -1 0 0 0 0 0 
0 5.52083e-06 3e-06 -1 0 0 0 0 0 
0 5.5625e-06 3e-06 -1 0 0 0 0 0 
0 5.60417e-06 3e-06 -1 0 0 0 0 0 
0 5.64583e-06 3e-06 -1 0 0 0 0 0 
0 5.6875e-06 3e-06 -1 0 0 0 0 0 
0 5.72917e-06 3e-06 -1 0 0 0 0 0 
0 5.77083e-06 3e-06 -1 0 0 0 0 0 
0 5.8125e-06 3e-06 -1 0 0 0 0 0 
0 5.85417e-06 3e-06 -1 0 0 0 0 0 
0 5.89583e-06 3e-06 -1 0 0 0 0 0 
0 5.9375e-06 3e-06 -1 0 0 0 0 0 
0 5.97917e-06 3e-06 -1 0 0 0 0 0 
0 6.02083e-06 3e-06 -1 0 0 0 0 0 
0 6.0625e-06 3e-06 -1 0 0 0 0 0 
0 6.10417e-06 3e-06 -1 0 0 0 0 0 
0 6.14583e-06 3e-06 -1 0 0 0 0 0 
0 6.1875e-06 3e-06 -1 0 0 0 0 0 
0 6.22917e-06 3e-06 -1 0 0 0 0 0 
0 6.27083e-06 3e-06 -1 0 0 0 0 0 
0 6.3125e-06 3e-06 -1 0 0 0 0 0 
0 6.35417e-06 3e-06 -1 0 0 0 0 0 
0 6.39583e-06 3e-06 -1 0 0 0 0 0 
0 6.4375e-06 3e-06 -1 0 0 0 0 0 
0 6.47917e-06 3e-06 -1 0 0 0 0 0 
0 6.52083e-06 3e-06 -1 0 0 0 0 0 
0 6.5625e-06 3e-06 -1 0 0 0 0 0 
0 6.60417e-06 3e-06 -1 0 0 0 0 0 
0 6.64583e-06 3e-06 -1 0 0 0 0 0 
0 6.6875e-06 3e-06 -1 0 0 0 0 0 
0 6.72917e-06 3e-06 -1 0 0 0 0 0 
0 6.77083e-06 3e-06 -1 0 0 0 0 0 
0 6.8125e-06 3e-06 -1 0 0 0 0 0 
0 6.85417e-06 3e-06 -1 0 0 0 0 0 
0 6.89583e-06 3e-06 -1 0 0 0 0 0 
0 6.9375e-06 3e-06 -1 0 0 0 0 0 
0 6.97917e-06 3e-06 -1 0 0 0 0 0 
0 7.02083e-06 3e-06 -1 0 0 0 0 0 
0 7.0625e-06 3e-06 -1 0 0 0 0 0 
0 7.10417e-06 3e-06 -1 0 0 0 0 0 
0 7.14583e-06 3e-06 -1 0 0 0 0 0 
0 7.1875e-06 3e-06 -1 0 0 0 0 0 
0 7.22917e-06 3e-06 -1 0 0 0 0 0 
0 7.27083e-06 3e-06 -1 0 0 0 0 0 
0 7.3125e-06 3e-06 -1 0 0 0 0 0 
0 7.35417e-06 3e-06 -1 0 0 0 0 0 
0 7.39583e-06 3e-06 -1 0 0 0 0 0 
0 7.4375e-06 3e-06 -1 0 0 0 0 0 
0 7.47917e-06 3e-06 -1 0 0 0 0 0 
0 7.52083e-06 3e-06 -1 0 0 0 0 0 
0 7.5625e-06 3e-06 -1 0 0 0 0 0 
0 7.60417e-06 3e-06 -1 0 0 0 0 0 
0 7.64583e-06 3e-06 -1 0 0 0 0 0 
0 7.6875e-06 3e-06 -1 0 0 0 0 0 
0 7.72917e-06 3e-06 -1 0 0 0 0 0 
0 7.77083e-06 3e-06 -1 0 0 0 0 0 
0 7.8125e-06 3e-06 -1 0 0 0 0 0 
0 7.85417e-06 3e-06 -1 0 0 0 0 0 
0 7.89583e-06 3e-06 -1 0 0 0 0 0 
0 7.9375e-06 3e-06 -1 0 0 0 0 0 
0 7.97917e-06 3e-06 -1 0 0 0 0 0 
0 8.02083e-06 3e-06 -1 0 0 0 0 0 
0 8.0625e-06 3e-06 -1 0 0 0 0 0 
0 8.10417e-06 3e-06 -1 0 0 0 0 0 
0 8.14583e-06 3e-06 -1 0 0 0 0 0 
0 8.1875e-06 3e-06 -1 0 0 0 0 0 
0 8.22917e-06 3e-06 -1 0 0 0 0 0 
0 8.27083e-06 3e-06 -1 0 0 0 0 0 
0 8.3125e-06 3e-06 -1 0 0 0 0 0 
0 8.35417e-06 3e-06 -1 0 0 0 0 0 
0 8.39583e-06 3e-06 -1 0 0 0 0 0 
0 8.4375e-06 3e-06 -1 0 0 0 0 0 
0 8.47917e-06 3e-06 -1 0 0 0 0 0 
0 8.52083e-06 3e-06 -1 0 0 0 0 0 
0 8.5625e-06 3e-06 -1 0 0 0 0 0 
0 8.60417e-06 3e-06 -1 0 0 0 0 0 
0 8.64583e-06 3e-06 -1 0 0 0 0 0 
0 8.6875e-06 3e-06 -1 0 0 0 0 0 
0 8.72917e-06 3e-06 -1 0 0 0 0 0 
0 8.77083e-06 3e-06 -1 0 0 0 0 0 
0 8.8125e-06 3e-06 -1 0 0 0 0 0 
0 8.85417e-06 3e-06 -1 0 0 0 0 0 
0 8.89583e-06 3e-06 -1 0 0 0 0 0 
0 8.9375e-06 3e-06 -1 0 0 0 0 0 
0 8.97917e-06 3e-06 -1 0 0 0 0 0 
0 9.02083e-06 3e-06 -1 0 0 0 0 0 
0 9.0625e-06 3e-06 -1 0 0 0 0 0 
0 9.10417e-06 3e-06 -1 0 0 0 0 0 
0 9.14583e-06 3e-06 -1 0 0 0 0 0 
0 9.1875e-06 3e-06 -1 0 0 0 0 0 
0 9.22917e-06 3e-06 -1 0 0 0 0 0 
0 9.27083e-06 3e-06 -1 0 0 0 0 0 
0 9.3125e-06 3e-06 -1 0 0 0 0 0 
0 9.35417e-06 3e-06 -1 0 0 0 0 0 
0 9.39583e-06 3e-06 -1 0 0 0 0 0 
0 9.4375e-06 3e-06 -1 0 0 0 0 0 
0 9.47917e-06 3e-06 -1 0 0 0 0 0 
0 9.52083e-06 3e-06 -1 0 0 0 0 0 
0 9.5625e-06 3e-06 -1 0 0 0 0 0 
0 9.60417e-06 3e-06 -1 0 0 0 0 0 
0 9.64583e-06 3e-06 -1 0 0 0 0 0 
0 9.6875e-06 3e-06 -1 0 0 0 0 0 
0 9.72917e-06 3e-06 -1 0 0 0 0 0 
0 9.77083e-06 3e-06 -1 0 0 0 0 0 
0 9.8125e-06 3e-06 -1 0 0 0 0 0 
0 9.85417e-06 3e-06 -1 0 0 0 0 0 
0 9.89583e-06 3e-06 -1 0 0 0 0 0 
0 9.9375e-06 3e-06 -1 0 0 0 0 0 
0 9.97917e-06 3e-06 -1 0 0 0 0 0 
0 1.00208e-05 3e-06 -1 0 0 0 0 0 
0 1.00625e-05 3e-06 -1 0 0 0 0 0 
0 1.01042e-05 3e-06 -1 0 0 0 0 0 
0 1.01458e-05 3e-06 -1 0 0 0 0 0 
0 1.01875e-05 3e-06 -1 0 0 0 0 0 
0 1.02292e-05 3e-06 -1 0 0 0 0 0 
0 1.02708e-05 3e-06 -1 0 0 0 0 0 
0 1.03125e-05 3e-06 -1 0 0 0 0 0 
0 1.03542e-05 3e-06 -1 0 0 0 0 0 
0 1.03958e-05 3e-06 -1 0 0 0 0 0 
0 1.04375e-05 3e-06 -1 0 0 0 0 0 
0 1.04792e-05 3e-06 -1 0 0 0 0 0 
0 1.05208e-05 3e-06 -1 0 0 0 0 0 
0 1.05625e-05 3e-06 -1 0 0 0 0 0 
0 1.06042e-05 3e-06 -1 0 0 0 0 0 
0 1.06458e-05 3e-06 -1 0 0 0 0 0 
0 1.06875e-05 3e-06 -1 0 0 0 0 0 
0 1.07292e-05 3e-06 -1 0 0 0 0 0 
0 1.07708e-05 3e-06 -1 0 0 0 0 0 
0 1.08125e-05 3e-06 -1 0 0 0 0 0 
0 1.08542e-05 3e-06 -1 0 0 0 0 0 
0 1.08958e-05 3e-06 -1 0 0 0 0 0 
0 1.09375e-05 3e-06 -1 0 0 0 0 0 
0 1.09792e-05 3e-06 -1 0 0 0 0 0 
0 1.10208e-05 3e-06 -1 0 0 0 0 0 
0 1.10625e-05 3e-06 -1 0 0 0 0 0 
0 1.11042e-05 3e-06 -1 0 0 0 0 0 
0 1.11458e-05 3e-06 -1 0 0 0 0 0 
0 1.11875e-05 3e-06 -1 0 0 0 0 0 
0 1.12292e-05 3e-06 -1 0 0 0 0 0 
0 1.12708e-05 3e-06 -1 0 0 0 0 0 
0 1.13125e-05 3e-06 -1 0 0 0 0 0 
0 1.13542e-05 3e-06 -1 0 0 0 0 0 
0 1.13958e-05 3e-06 -1 0 0 0 0 0 
0 1.14375e-05 3e-06 -1 0 0 0 0 0 
0 1.14792e-05 3e-06 -1 0 0 0 0 0 
0 1.15208e-05 3e-06 -1 0 0 0 0 0 
0 1.15625e-05 3e-06 -1 0 0 0 0 0 
0 1.16042e-05 3e-06 -1 0 0 0 0 0 
0 1.16458e-05 3e-06 -1 0 0 0 0 0 
0 1.16875e-05 3e-06 -1 0 0 0 0 0 
0 1.17292e-05 3e-06 -1 0 0 0 0 0 
0 1.17708e-05 3e-06 -1 0 0 0 0 0 
0 1.18125e-05 3e-06 -1 0 0 0 0 0 
0 1.18542e-05 3e-06 -1 0 0 0 0 0 
0 1.18958e-05 3e-06 -1 0 0 0 0 0 
0 1.19375e-05 3e-06 -1 0 0 0 0 0 
0 1.19792e-05 3e-06 -1 0 0 0 0 0 
0 1.20208e-05 3e-06 -1 0 0 0 0 0 
0 1.20625e-05 3e-06 -1 0 0 0 0 0 
0 1.21042e-05 3e-06 -1 0 0 0 0 0 
0 1.21458e-05 3e-06 -1 0 0 0 0 0 
0 1.21875e-05 3e-06 -1 0 0 0 0 0 
0 1.22292e-05 3e-06 -1 0 0 0 0 0 
0 1.22708e-05 3e-06 -1 0 0 0 0 0 
0 1.23125e-05 3e-06 -1 0 0 0 0 0 
0 1.23542e-05 3e-06 -1 0 0 0 0 0 
0 1.23958e-05 3e-06 -1 0 0 0 0 0 
0 1.24375e-05 3e-06 -1 0 0 0 0 0 
0 1.24792e-05 3e-06 -1 0 0 0 0 0 
0 1.25208e-05 3e-06 -1 0 0 0 0 0 
0 1.25625e-05 3e-06 -1 0 0 0 0 0 
0 1.26042e-05 3e-06 -1 0 0 0 0 0 
0 1.26458e-05 3e-06 -1 0 0 0 0 0 
0 1.26875e-05 3e-06 -1 0 0 0 0 0 
0 1.27292e-05 3e-06 -1 0 0 0 0 0 
0 1.27708e-05 3e-06 -1 0 0 0 0 0 
0 1.28125e-05 3e-06 -1 0 0 0 0 0 
0 1.28542e-05 3e-06 -1 0 0 0 0 0 
0 1.28958e-05 3e-06 -1 0 0 0 0 0 
0 1.29375e-05 3e-06 -1 0 0 0 0 0 
0 1.29792e-05 3e-06 -1 0 0 0 0 0 
0 1.30208e-05 3e-06 -1 0 0 0 0 0 
0 1.30625e-05 3e-06 -1 0 0 0 0 0 
0 1.31042e-05 3e-06 -1 0 0 0 0 0 
0 1.31458e-05 3e-06 -1 0 0 0 0 0 
0 1.31875e-05 3e-06 -1 0 0 0 0 0 
0 1.32292e-05 3e-06 -1 0 0 0 0 0 
0 1.32708e-05 3e-06 -1 0 0 0 0 0 
0 1.33125e-05 3e-06 -1 0 0 0 0 0 
0 1.33542e-05 3e-06 -1 0 0 0 0 0 
0 1.33958e-05 3e-06 -1 0 0 0 0 0 
0 1.34375e-05 3e-06 -1 0 0 0 0 0 
0 1.34792e-05 3e-06 -1 0 0 0 0 0 
0 1.35208e-05 3e-06 -1 0 0 0 0 0 
0 1.35625e-05 3e-06 -1 0 0 0 0 0 
0 1.36042e-05 3e-06 -1 0 0 0 0 0 
0 1.36458e-05 3e-06 -1 0 0 0 0 0 
0 1.36875e-05 3e-06 -1 0 0 0 0 0 
0 1.37292e-05 3e-06 -1 0 0 0 0 0 
0 1.37708e-05 3e-06 -1 0 0 0 0 0 
0 1.38125e-05 3e-06 -1 0 0 0 0 0 
0 1.38542e-05 3e-06 -1 0 0 0 0 0 
0 1.38958e-05 3e-06 -1 0 0 0 0 0 
0 1.39375e-05 3e-06 -1 0 0 0 0 0 
0 1.39792e-05 3e-06 -1 0 0 0 0 0 
0 1.40208e-05 3e-06 -1 0 0 0 0 0 
0 1.40625e-05 3e-06 -1 0 0 0 0 0 
0 1.41042e-05 3e-06 -1 0 0 0 0 0 
0 1.41458e-05 3e-06 -1 0 0 0 0 0 
0 1.41875e-05 3e-06 -1 0 0 0 0 0 
0 1.42292e-05 3e-06 -1 0 0 0 0 0 
0 1.42708e-05 3e-06 -1 0 0 0 0 0 
0 1.43125e-05 3e-06 -1 0 0 0 0 0 
0 1.43542e-05 3e-06 -1 0 0 0 0 0 
0 1.43958e-05 3e-06 -1 0 0 0 0 0 
0 1.44375e-05 3e-06 -1 0 0 0 0 0 
0 1.44792e-05 3e-06 -1 0 0 0 0 0 
0 1.45208e-05 3e-06 -1 0 0 0 0 0 
0 1.45625e-05 3e-06 -1 0 0 0 0 0 
0 1.46042e-05 3e-06 -1 0 0 0 0 0 
0 1.46458e-05 3e-06 -1 0 0 0 0 0 
0 1.46875e-05 3e-06 -1 0 0 0 0 0 
0 1.47292e-05 3e-06 -1 0 0 0 0 0 
0 1.47708e-05 3e-06 -1 0 0 0 0 0 
0 1.48125e-05 3e-06 -1 0 0 0 0 0 
0 1.48542e-05 3e-06 -1 0 0 0 0 0 
0 1.48958e-05 3e-06 -1 0 0 0 0 0 
0 1.49375e-05 3e-06 -1 0 0 0 0 0 
0 1.49792e-05 3e-06 -1 0 0 0 0 0 
5.02083e-06 0 3e-06 0 -1 0 0 0 0 
5.0625e-06 0 3e-06 0 -1 0 0 0 0 
5.10417e-06 0 3e-06 0 -1 0 0 0 0 
5.14583e-06 0 3e-06 0 -1 0 0 0 0 
5.1875e-06 0 3e-06 0 -1 0 0 0 0 
5.22917e-06 0 3e-06 0 -1 0 0 0 0 
5.27083e-06 0 3e-06 0 -1 0 0 0 0 
5.3125e-06 0 3e-06 0 -1 0 0 0 0 
5.35417e-06 0 3e-06 0 -1 0 0 0 0 
5.39583e-06 0 3e-06 0 -1 0 0 0 0 
5.4375e-06 0 3e-06 0 -1 0 0 0 0 
5.47917e-06 0 3e-06 0 -1 0 0 0 0 
5.52083e-06 0 3e-06 0 -1 0 0 0 0 
5.5625e-06 0 3e-06 0 -1 0 0 0 0 
5.60417e-06 0 3e-06 0 -1 0 0 0 0 
5.64583e-06 0 3e-06 0 -1 0 0 0 0 
5.6875e-06 0 3e-06 0 -1 0 0 0 0 
5.72917e-06 0 3e-06 0 -1 0 0 0 0 
5.77083e-06 0 3e-06 0 -1 0 0 0 0 
5.8125e-06 0 3e-06 0 -1 0 0 0 0 
5.85417e-06 0 3e-06 0 -1 0 0 0 0 
5.89583e-06 0 3e-06 0 -1 0 0 0 0 
5.9375e-06 0 3e-06 0 -1 0 0 0 0 
5.97917e-06 0 3e-06 0 -1 0 0 0 0 
6.02083e-06 0 3e-06 0 -1 0 0 0 0 
6.0625e-06 0 3e-06 0 -1 0 0 0 0 
6.10417e-06 0 3e-06 0 -1 0 0 0 0 
6.14583e-06 0 3e-06 0 -1 0 0 0 0 
6.1875e-06 0 3e-06 0 -1 0 0 0 0 
6.22917e-06 0 3e-06 0 -1 0 0 0 0 
6.27083e-06 0 3e-06 0 -1 0 0 0 0 
6.3125e-06 0 3e-06 0 -1 0 0 0 0 
6.35417e-06 0 3e-06 0 -1 0 0 0 0 
6.39583e-06 0 3e-06 0 -1 0 0 0 0 
6.4375e-06 0 3e-06 0 -1 0 0 0 0 
6.47917e-06 0 3e-06 0 -1 0 0 0 0 
6.52083e-06 0 3e-06 0 -1 0 0 0 0 
6.5625e-06 0 3e-06 0 -1 0 0 0 0 
6.60417e-06 0 3e-06 0 -1 0 0 0 0 
6.64583e-06 0 3e-06 0 -1 0 0 0 0 
6.6875e-06 0 3e-06 0 -1 0 0 0 0 
6.72917e-06 0 3e-06 0 -1 0 0 0 0 
6.77083e-06 0 3e-06 0 -1 0 0 0 0 
6.8125e-06 0 3e-06 0 -1 0 0 0 0 
6.85417e-06 0 3e-06 0 -1 0 0 0 0 
6.89583e-06 0 3e-06 0 -1 0 0 0 0 
6.9375e-06 0 3e-06 0 -1 0 0 0 0 
6.97917e-06 0 3e-06 0 -1 0 0 0 0 
7.02083e-06 0 3e-06 0 -1 0 0 0 0 
7.0625e-06 0 3e-06 0 -1 0 0 0 0 
7.10417e-06 0 3e-06 0 -1 0 0 0 0 
7.14583e-06 0 3e-06 0 -1 0 0 0 0 
7.1875e-06 0 3e-06 0 -1 0 0 0 0 
7.22917e-06 0 3e-06 0 -1 0 0 0 0 
7.27083e-06 0 3e-06 0 -1 0 0 0 0 
7.3125e-06 0 3e-06 0 -1 0 0 0 0 
7.35417e-06 0 3e-06 0 -1 0 0 0 0 
7.39583e-06 0 3e-06 0 -1 0 0 0 0 
7.4375e-06 0 3e-06 0 -1 0 0 0 0 
7.47917e-06 0 3e-06 0 -1 0 0 0 0 
7.52083e-06 0 3e-06 0 -1 0 0 0 0 
7.5625e-06 0 3e-06 0 -1 0 0 0 0 
7.60417e-06 0 3e-06 0 -1 0 0 0 0 
7.64583e-06 0 3e-06 0 -1 0 0 0 0 
7.6875e-06 0 3e-06 0 -1 0 0 0 0 
7.72917e-06 0 3e-06 0 -1 0 0 0 0 
7.77083e-06 0 3e-06 0 -1 0 0 0 0 
7.8125e-06 0 3e-06 0 -1 0 0 0 0 
7.85417e-06 0 3e-06 0 -1 0 0 0 0 
7.89583e-06 0 3e-06 0 -1 0 0 0 0 
7.9375e-06 0 3e-06 0 -1 0 0 0 0 
7.97917e-06 0 3e-06 0 -1 0 0 0 0 
8.02083e-06 0 3e-06 0 -1 0 0 0 0 
8.0625e-06 0 3e-06 0 -1 0 0 0 0 
8.10417e-06 0 3e-06 0 -1 0 0 0 0 
8.14583e-06 0 3e-06 0 -1 0 0 0 0 
8.1875e-06 0 3e-06 0 -1 0 0 0 0 
8.22917e-06 0 3e-06 0 -1 0 0 0 0 
8.27083e-06 0 3e-06 0 -1 0 0 0 0 
8.3125e-06 0 3e-06 0 -1 0 0 0 0 
8.35417e-06 0 3e-06 0 -1 0 0 0 0 
8.39583e-06 0 3e-06 0 -1 0 0 0 0 
8.4375e-06 0 3e-06 0 -1 0 0 0 0 
8.47917e-06 0 3e-06 0 -1 0 0 0 0 
8.52083e-06 0 3e-06 0 -1 0 0 0 0 
8.5625e-06 0 3e-06 0 -1 0 0 0 0 
8.60417e-06 0 3e-06 0 -1 0 0 0 0 
8.64583e-06 0 3e-06 0 -1 0 0 0 0 
8.6875e-06 0 3e-06 0 -1 0 0 0 0 
8.72917e-06 0 3e-06 0 -1 0 0 0 0 
8.77083e-06 0 3e-06 0 -1 0 0 0 0 
8.8125e-06 0 3e-06 0 -1 0 0 0 0 
8.85417e-06 0 3e-06 0 -1 0 0 0 0 
8.89583e-06 0 3e-06 0 -1 0 0 0 0 
8.9375e-06 0 3e-06 0 -1 0 0 0 0 
8.97917e-06 0 3e-06 0 -1 0 0 0 0 
9.02083e-06 0 3e-06 0 -1 0 0 0 0 
9.0625e-06 0 3e-06 0 -1 0 0 0 0 
9.10417e-06 0 3e-06 0 -1 0 0 0 0 
9.14583e-06 0 3e-06 0 -1 0 0 0 0 
9.1875e-06 0 3e-06 0 -1 0 0 0 0 
9.22917e-06 0 3e-06 0 -1 0 0 0 0 
9.27083e-06 0 3e-06 0 -1 0 0 0 0 
9.3125e-06 0 3e-06 0 -1 0 0 0 0 
9.35417e-06 0 3e-06 0 -1 0 0 0 0 
9.39583e-06 0 3e-06 0 -1 0 0 0 0 
9.4375e-06 0 3e-06 0 -1 0 0 0 0 
9.47917e-06 0 3e-06 0 -1 0 0 0 0 
9.52083e-06 0 3e-06 0 -1 0 0 0 0 
9.5625e-06 0 3e-06 0 -1 0 0 0 0 
9.60417e-06 0 3e-06 0 -1 0 0 0 0 
9.64583e-06 0 3e-06 0 -1 0 0 0 0 
9.6875e-06 0 3e-06 0 -1 0 0 0 0 
9.72917e-06 0 3e-06 0 -1 0 0 0 0 
9.77083e-06 0 3e-06 0 -1 0 0 0 0 
9.8125e-06 0 3e-06 0 -1 0 0 0 0 
9.85417e-06 0 3e-06 0 -1 0 0 0 0 
9.89583e-06 0 3e-06 0 -1 0 0 0 0 
9.9375e-06 0 3e-06 0 -1 0 0 0 0 
9.97917e-06 0 3e-06 0 -1 0 0 0 0 
1.00208e-05 0 3e-06 0 -1 0 0 0 0 
1.00625e-05 0 3e-06 0 -1 0 0 0 0 
1.01042e-05 0 3e-06 0 -1 0 0 0 0 
1.01458e-05 0 3e-06 0 -1 0 0 0 0 
1.01875e-05 0 3e-06 0 -1 0 0 0 0 
1.02292e-05 0 3e-06 0 -1 0 0 0 0 
1.02708e-05 0 3e-06 0 -1 0 0 0 0 
1.03125e-05 0 3e-06 0 -1 0 0 0 0 
1.03542e-05 0 3e-06 0 -1 0 0 0 0 
1.03958e-05 0 3e-06 0 -1 0 0 0 0 
1.04375e-05 0 3e-06 0 -1 0 0 0 0 
1.04792e-05 0 3e-06 0 -1 0 0 0 0 
1.05208e-05 0 3e-06 0 -1 0 0 0 0 
1.05625e-05 0 3e-06 0 -1 0 0 0 0 
1.06042e-05 0 3e-06 0 -1 0 0 0 0 
1.06458e-05 0 3e-06 0 -1 0 0 0 0 
1.06875e-05 0 3e-06 0 -1 0 0 0 0 
1.07292e-05 0 3e-06 0 -1 0 0 0 0 
1.07708e-05 0 3e-06 0 -1 0 0 0 0 
1.08125e-05 0 3e-06 0 -1 0 0 0 0 
1.08542e-05 0 3e-06 0 -1 0 0 0 0 
1.08958e-05 0 3e-06 0 -1 0 0 0 0 
1.09375e-05 0 3e-06 0 -1 0 0 0 0 
1.09792e-05 0 3e-06 0 -1 0 0 0 0 
1.10208e-05 0 3e-06 0 -1 0 0 0 0 
1.10625e-05 0 3e-06 0 -1 0 0 0 0 
1.11042e-05 0 3e-06 0 -1 0 0 0 0 
1.11458e-05 0 3e-06 0 -1 0 0 0 0 
1.11875e-05 0 3e-06 0 -1 0 0 0 0 
1.12292e-05 0 3e-06 0 -1 0 0 0 0 
1.12708e-05 0 3e-06 0 -1 0 0 0 0 
1.13125e-05 0 3e-06 0 -1 0 0 0 0 
1.13542e-05 0 3e-06 0 -1 0 0 0 0 
1.13958e-05 0 3e-06 0 -1 0 0 0 0 
1.14375e-05 0 3e-06 0 -1 0 0 0 0 
1.14792e-05 0 3e-06 0 -1 0 0 0 0 
1.15208e-05 0 3e-06 0 -1 0 0 0 0 
1.15625e-05 0 3e-06 0 -1 0 0 0 0 
1.16042e-05 0 3e-06 0 -1 0 0 0 0 
1.16458e-05 0 3e-06 0 -1 0 0 0 0 
1.16875e-05 0 3e-06 0 -1 0 0 0 0 
1.17292e-05 0 3e-06 0 -1 0 0 0 0 
1.17708e-05 0 3e-06 0 -1 0 0 0 0 
1.18125e-05 0 3e-06 0 -1 0 0 0 0 
1.18542e-05 0 3e-06 0 -1 0 0 0 0 
1.18958e-05 0 3e-06 0 -1 0 0 0 0 
1.19375e-05 0 3e-06 0 -1 0 0 0 0 
1.19792e-05 0 3e-06 0 -1 0 0 0 0 
1.20208e-05 0 3e-06 0 -1 0 0 0 0 
1.20625e-05 0 3e-06 0 -1 0 0 0 0 
1.21042e-05 0 3e-06 0 -1 0 0 0 0 
1.21458e-05 0 3e-06 0 -1 0 0 0 0 
1.21875e-05 0 3e-06 0 -1 0 0 0 0 
1.22292e-05 0 3e-06 0 -1 0 0 0 0 
1.22708e-05 0 3e-06 0 -1 0 0 0 0 
1.23125e-05 0 3e-06 0 -1 0 0 0 0 
1.23542e-05 0 3e-06 0 -1 0 0 0 0 
1.23958e-05 0 3e-06 0 -1 0 0 0 0 
1.24375e-05 0 3e-06 0 -1 0 0 0 0 
1.24792e-05 0 3e-06 0 -1 0 0 0 0 
1.25208e-05 0 3e-06 0 -1 0 0 0 0 
1.25625e-05 0 3e-06 0 -1 0 0 0 0 
1.26042e-05 0 3e-06 0 -1 0 0 0 0 
1.26458e-05 0 3e-06 0 -1 0 0 0 0 
1.26875e-05 0 3e-06 0 -1 0 0 0 0 
1.27292e-05 0 3e-06 0 -1 0 0 0 0 
1.27708e-05 0 3e-06 0 -1 0 0 0 0 
1.28125e-05 0 3e-06 0 -1 0 0 0 0 
1.28542e-05 0 3e-06 0 -1 0 0 0 0 
1.28958e-05 0 3e-06 0 -1 0 0 0 0 
1.29375e-05 0 3e-06 0 -1 0 0 0 0 
1.29792e-05 0 3e-06 0 -1 0 0 0 0 
1.30208e-05 0 3e-06 0 -1 0 0 0 0 
1.30625e-05 0 3e-06 0 -1 0 0 0 0 
1.31042e-05 0 3e-06 0 -1 0 0 0 0 
1.31458e-05 0 3e-06 0 -1 0 0 0 0 
1.31875e-05 0 3e-06 0 -1 0 0 0 0 
1.32292e-05 0 3e-06 0 -1 0 0 0 0 
1.32708e-05 0 3e-06 0 -1 0 0 0 0 
1.33125e-05 0 3e-06 0 -1 0 0 0 0 
1.33542e-05 0 3e-06 0 -1 0 0 0 0 
1.33958e-05 0 3e-06 0 -1 0 0 0 0 
1.34375e-05 0 3e-06 0 -1 0 0 0 0 
1.34792e-05 0 3e-06 0 -1 0 0 0 0 
1.35208e-05 0 3e-06 0 -1 0 0 0 0 
1.35625e-05 0 3e-06 0 -1 0 0 0 0 
1.36042e-05 0 3e-06 0 -1 0 0 0 0 
1.36458e-05 0 3e-06 0 -1 0 0 0 0 
1.36875e-05 0 3e-06 0 -1 0 0 0 0 
1.37292e-05 0 3e-06 0 -1 0 0 0 0 
1.37708e-05 0 3e-06 0 -1 0 0 0 0 
1.38125e-05 0 3e-06 0 -1 0 0 0 0 
1.38542e-05 0 3e-06 0 -1 0 0 0 0 
1.38958e-05 0 3e-06 0 -1 0 0 0 0 
1.39375e-05 0 3e-06 0 -1 0 0 0 0 
1.39792e-05 0 3e-06 0 -1 0 0 0 0 
1.40208e-05 0 3e-06 0 -1 0 0 0 0 
1.40625e-05 0 3e-06 0 -1 0 0 0 0 
1.41042e-05 0 3e-06 0 -1 0 0 0 0 
1.41458e-05 0 3e-06 0 -1 0 0 0 0 
1.41875e-05 0 3e-06 0 -1 0 0 0 0 
1.42292e-05 0 3e-06 0 -1 0 0 0 0 
1.42708e-05 0 3e-06 0 -1 0 0 0 0 
1.43125e-05 0 3e-06 0 -1 0 0 0 0 
1.43542e-05 0 3e-06 0 -1 0 0 0 0 
1.43958e-05 0 3e-06 0 -1 0 0 0 0 
1.44375e-05 0 3e-06 0 -1 0 0 0 0 
1.44792e-05 0 3e-06 0 -1 0 0 0 0 
1.45208e-05 0 3e-06 0 -1 0 0 0 0 
1.45625e-05 0 3e-06 0 -1 0 0 0 0 
1.46042e-05 0 3e-06 0 -1 0 0 0 0 
1.46458e-05 0 3e-06 0 -1 0 0 0 0 
1.46875e-05 0 3e-06 0 -1 0 0 0 0 
1.47292e-05 0 3e-06 0 -1 0 0 0 0 
1.47708e-05 0 3e-06 0 -1 0 0 0 0 
1.48125e-05 0 3e-06 0 -1 0 0 0 0 
1.48542e-05 0 3e-06 0 -1 0 0 0 0 
1.48958e-05 0 3e-06 0 -1 0 0 0 0 
1.49375e-05 0 3e-06 0 -1 0 0 0 0 
1.49792e-05 0 3e-06 0 -1 0 0 0 0 
6.53816e-09 4.99997e-06 3e-06 -0.00508441 -0.999987 0 0 0 0 
1.96144e-08 4.99988e-06 3e-06 -0.00768975 -0.99997 0 0 0 0 
3.26903e-08 4.99977e-06 3e-06 -0.010295 -0.999947 -1.22735e-21 0 0 0 
4.57659e-08 4.99961e-06 3e-06 -0.0129002 -0.999917 0 0 0 0 
5.8841e-08 4.99943e-06 3e-06 -0.0155054 -0.99988 1.22735e-21 0 0 0 
7.19157e-08 4.99921e-06 3e-06 -0.0181104 -0.999836 1.22735e-21 0 0 0 
8.49897e-08 4.99895e-06 3e-06 -0.0207153 -0.999785 -2.4547e-21 0 0 0 
9.8063e-08 4.99867e-06 3e-06 -0.02332 -0.999728 0 0 0 0 
1.11135e-07 4.99834e-06 3e-06 -0.0259246 -0.999664 0 0 0 0 
1.24207e-07 4.99799e-06 3e-06 -0.0285291 -0.999593 2.4547e-21 0 0 0 
1.37278e-07 4.9976e-06 3e-06 -0.0311333 -0.999515 0 0 0 0 
1.50347e-07 4.99717e-06 3e-06 -0.0337373 -0.999431 0 0 0 0 
1.63416e-07 4.99672e-06 3e-06 -0.0363411 -0.999339 0 0 0 0 
1.76483e-07 4.99622e-06 3e-06 -0.0389446 -0.999241 0 0 0 0 
1.89549e-07 4.9957e-06 3e-06 -0.0415479 -0.999137 0 0 0 0 
2.02613e-07 4.99514e-06 3e-06 -0.0441509 -0.999025 0 0 0 0 
2.15676e-07 4.99454e-06 3e-06 -0.0467536 -0.998906 4.9094e-21 0 0 0 
2.28738e-07 4.99391e-06 3e-06 -0.049356 -0.998781 0 0 0 0 
2.41797e-07 4.99325e-06 3e-06 -0.051958 -0.998649 0 0 0 0 
2.54855e-07 4.99256e-06 3e-06 -0.0545597 -0.998511 -4.9094e-21 0 0 0 
2.67911e-07 4.99183e-06 3e-06 -0.057161 -0.998365 0 0 0 0 
2.80965e-07 4.99106e-06 3e-06 -0.059762 -0.998213 0 0 0 0 
2.94017e-07 4.99026e-06 3e-06 -0.0623625 -0.998054 0 0 0 0 
3.07067e-07 4.98943e-06 3e-06 -0.0649626 -0.997888 4.9094e-21 0 0 0 
3.20115e-07 4.98856e-06 3e-06 -0.0675622 -0.997715 4.9094e-21 0 0 0 
3.33161e-07 4.98766e-06 3e-06 -0.0701614 -0.997536 0 0 0 0 
3.46204e-07 4.98673e-06 3e-06 -0.0727602 -0.997349 0 0 0 0 
3.59244e-07 4.98576e-06 3e-06 -0.0753584 -0.997157 0 0 0 0 
3.72282e-07 4.98476e-06 3e-06 -0.0779561 -0.996957 0 0 0 0 
3.85318e-07 4.98372e-06 3e-06 -0.0805533 -0.99675 4.9094e-21 0 0 0 
3.9835e-07 4.98265e-06 3e-06 -0.08315 -0.996537 0 0 0 0 
4.1138e-07 4.98155e-06 3e-06 -0.085746 -0.996317 0 0 0 0 
4.24407e-07 4.98041e-06 3e-06 -0.0883415 -0.99609 9.8188e-21 0 0 0 
4.37431e-07 4.97924e-06 3e-06 -0.0909364 -0.995857 -9.8188e-21 0 0 0 
4.50451e-07 4.97803e-06 3e-06 -0.0935307 -0.995616 -9.8188e-21 0 0 0 
4.63469e-07 4.97679e-06 3e-06 -0.0961244 -0.995369 0 0 0 0 
4.76483e-07 4.97552e-06 3e-06 -0.0987174 -0.995116 0 0 0 0 
4.89494e-07 4.97421e-06 3e-06 -0.10131 -0.994855 0 0 0 0 
5.02501e-07 4.97287e-06 3e-06 -0.103901 -0.994588 0 0 0 0 
5.15505e-07 4.97149e-06 3e-06 -0.106492 -0.994314 0 0 0 0 
5.28506e-07 4.97008e-06 3e-06 -0.109082 -0.994033 0 0 0 0 
5.41502e-07 4.96864e-06 3e-06 -0.111672 -0.993745 -9.8188e-21 0 0 0 
5.54495e-07 4.96716e-06 3e-06 -0.114261 -0.993451 9.8188e-21 0 0 0 
5.67484e-07 4.96565e-06 3e-06 -0.116849 -0.99315 -9.8188e-21 0 0 0 
5.80469e-07 4.96411e-06 3e-06 -0.119436 -0.992842 9.8188e-21 0 0 0 
5.9345e-07 4.96253e-06 3e-06 -0.122022 -0.992527 0 0 0 0 
6.06426e-07 4.96091e-06 3e-06 -0.124608 -0.992206 0 0 0 0 
6.19399e-07 4.95927e-06 3e-06 -0.127192 -0.991878 0 0 0 0 
6.32367e-07 4.95759e-06 3e-06 -0.129776 -0.991543 9.8188e-21 0 0 0 
6.4533e-07 4.95587e-06 3e-06 -0.132359 -0.991202 9.8188e-21 0 0 0 
6.5829e-07 4.95413e-06 3e-06 -0.134941 -0.990854 9.8188e-21 0 0 0 
6.71244e-07 4.95234e-06 3e-06 -0.137522 -0.990499 -9.8188e-21 0 0 0 
6.84194e-07 4.95053e-06 3e-06 -0.140102 -0.990137 0 0 0 0 
6.97139e-07 4.94868e-06 3e-06 -0.142681 -0.989769 0 0 0 0 
7.10079e-07 4.9468e-06 3e-06 -0.14526 -0.989394 0 0 0 0 
7.23015e-07 4.94488e-06 3e-06 -0.147837 -0.989012 0 0 0 0 
7.35945e-07 4.94293e-06 3e-06 -0.150413 -0.988623 9.8188e-21 0 0 0 
7.4887e-07 4.94095e-06 3e-06 -0.152988 -0.988228 0 0 0 0 
7.6179e-07 4.93893e-06 3e-06 -0.155563 -0.987826 9.8188e-21 0 0 0 
7.74705e-07 4.93688e-06 3e-06 -0.158136 -0.987417 -9.8188e-21 0 0 0 
7.87614e-07 4.93479e-06 3e-06 -0.160708 -0.987002 0 0 0 0 
8.00518e-07 4.93268e-06 3e-06 -0.163279 -0.98658 0 0 0 0 
8.13416e-07 4.93052e-06 3e-06 -0.165849 -0.986151 0 0 0 0 
8.26308e-07 4.92834e-06 3e-06 -0.168417 -0.985716 -1.96376e-20 0 0 0 
8.39195e-07 4.92612e-06 3e-06 -0.170985 -0.985274 0 0 0 0 
8.52076e-07 4.92387e-06 3e-06 -0.173551 -0.984825 0 0 0 0 
8.64951e-07 4.92158e-06 3e-06 -0.176117 -0.984369 1.96376e-20 0 0 0 
8.7782e-07 4.91926e-06 3e-06 -0.178681 -0.983907 0 0 0 0 
8.90683e-07 4.91691e-06 3e-06 -0.181244 -0.983438 0 0 0 0 
9.0354e-07 4.91452e-06 3e-06 -0.183805 -0.982963 0 0 0 0 
9.1639e-07 4.9121e-06 3e-06 -0.186366 -0.98248 0 0 0 0 
9.29235e-07 4.90965e-06 3e-06 -0.188925 -0.981992 0 0 0 0 
9.42072e-07 4.90716e-06 3e-06 -0.191483 -0.981496 0 0 0 0 
9.54904e-07 4.90464e-06 3e-06 -0.194039 -0.980994 -1.96376e-20 0 0 0 
9.67728e-07 4.90209e-06 3e-06 -0.196594 -0.980485 1.96376e-20 0 0 0 
9.80546e-07 4.8995e-06 3e-06 -0.199148 -0.979969 0 0 0 0 
9.93357e-07 4.89688e-06 3e-06 -0.201701 -0.979447 0 0 0 0 
1.00616e-06 4.89422e-06 3e-06 -0.204252 -0.978918 0 0 0 0 
1.01896e-06 4.89154e-06 3e-06 -0.206802 -0.978383 0 0 0 0 
1.03175e-06 4.88881e-06 3e-06 -0.20935 -0.977841 0 0 0 0 
1.04453e-06 4.88606e-06 3e-06 -0.211897 -0.977292 0 0 0 0 
1.05731e-06 4.88327e-06 3e-06 -0.214442 -0.976737 0 0 0 0 
1.07008e-06 4.88045e-06 3e-06 -0.216986 -0.976175 1.96376e-20 0 0 0 
1.08284e-06 4.8776e-06 3e-06 -0.219529 -0.975606 0 0 0 0 
1.09559e-06 4.87471e-06 3e-06 -0.22207 -0.975031 0 0 0 0 
1.10834e-06 4.87179e-06 3e-06 -0.22461 -0.974449 0 0 0 0 
1.12108e-06 4.86884e-06 3e-06 -0.227148 -0.97386 -1.96376e-20 0 0 0 
1.13381e-06 4.86585e-06 3e-06 -0.229684 -0.973265 0 0 0 0 
1.14653e-06 4.86283e-06 3e-06 -0.232219 -0.972663 0 0 0 0 
1.15925e-06 4.85978e-06 3e-06 -0.234753 -0.972055 -1.96376e-20 0 0 0 
1.17195e-06 4.85669e-06 3e-06 -0.237284 -0.97144 0 0 0 0 
1.18465e-06 4.85357e-06 3e-06 -0.239814 -0.970819 1.96376e-20 0 0 0 
1.19734e-06 4.85042e-06 3e-06 -0.242343 -0.970191 0 0 0 0 
1.21002e-06 4.84723e-06 3e-06 -0.24487 -0.969556 1.96376e-20 0 0 0 
1.2227e-06 4.84401e-06 3e-06 -0.247395 -0.968915 1.96376e-20 0 0 0 
1.23536e-06 4.84076e-06 3e-06 -0.249919 -0.968267 0 0 0 0 
1.24802e-06 4.83748e-06 3e-06 -0.252441 -0.967612 -1.96376e-20 0 0 0 
1.26067e-06 4.83416e-06 3e-06 -0.254961 -0.966951 -1.96376e-20 0 0 0 
1.27331e-06 4.83081e-06 3e-06 -0.257479 -0.966284 1.96376e-20 0 0 0 
1.28594e-06 4.82743e-06 3e-06 -0.259996 -0.96561 0 0 0 0 
1.29856e-06 4.82401e-06 3e-06 -0.262511 -0.964929 0 0 0 0 
1.31118e-06 4.82056e-06 3e-06 -0.265024 -0.964242 0 0 0 0 
1.32378e-06 4.81708e-06 3e-06 -0.267535 -0.963548 0 0 0 0 
1.33638e-06 4.81356e-06 3e-06 -0.270045 -0.962848 0 0 0 0 
1.34896e-06 4.81002e-06 3e-06 -0.272552 -0.962141 -1.96376e-20 0 0 0 
1.36154e-06 4.80644e-06 3e-06 -0.275058 -0.961428 0 0 0 0 
1.37411e-06 4.80282e-06 3e-06 -0.277562 -0.960708 0 0 0 0 
1.38666e-06 4.79918e-06 3e-06 -0.280064 -0.959981 0 0 0 0 
1.39921e-06 4.7955e-06 3e-06 -0.282564 -0.959248 0 0 0 0 
1.41175e-06 4.79179e-06 3e-06 -0.285063 -0.958509 1.96376e-20 0 0 0 
1.42428e-06 4.78804e-06 3e-06 -0.287559 -0.957763 1.96376e-20 0 0 0 
1.4368e-06 4.78427e-06 3e-06 -0.290053 -0.95701 1.96376e-20 0 0 0 
1.44931e-06 4.78046e-06 3e-06 -0.292546 -0.956252 0 0 0 0 
1.46181e-06 4.77662e-06 3e-06 -0.295036 -0.955486 0 0 0 0 
1.4743e-06 4.77274e-06 3e-06 -0.297524 -0.954714 0 0 0 0 
1.48678e-06 4.76883e-06 3e-06 -0.300011 -0.953936 0 0 0 0 
1.49925e-06 4.7649e-06 3e-06 -0.302495 -0.953151 0 0 0 0 
1.51171e-06 4.76092e-06 3e-06 -0.304978 -0.95236 -1.96376e-20 0 0 0 
1.52415e-06 4.75692e-06 3e-06 -0.307458 -0.951562 -1.96376e-20 0 0 0 
1.53659e-06 4.75288e-06 3e-06 -0.309936 -0.950757 0 0 0 0 
1.54902e-06 4.74881e-06 3e-06 -0.312412 -0.949947 0 0 0 0 
1.56144e-06 4.74471e-06 3e-06 -0.314886 -0.94913 1.96376e-20 0 0 0 
1.57384e-06 4.74058e-06 3e-06 -0.317358 -0.948306 0 0 0 0 
1.58624e-06 4.73641e-06 3e-06 -0.319827 -0.947476 0 0 0 0 
1.59862e-06 4.73221e-06 3e-06 -0.322295 -0.946639 0 0 0 0 
1.61099e-06 4.72798e-06 3e-06 -0.32476 -0.945796 1.96376e-20 0 0 0 
1.62336e-06 4.72372e-06 3e-06 -0.327223 -0.944947 0 0 0 0 
1.63571e-06 4.71943e-06 3e-06 -0.329684 -0.944091 0 0 0 0 
1.64805e-06 4.7151e-06 3e-06 -0.332142 -0.943229 0 0 0 0 
1.66038e-06 4.71074e-06 3e-06 -0.334599 -0.942361 1.96376e-20 0 0 0 
1.67269e-06 4.70635e-06 3e-06 -0.337053 -0.941486 -1.96376e-20 0 0 0 
1.685e-06 4.70192e-06 3e-06 -0.339505 -0.940604 0 0 0 0 
1.69729e-06 4.69747e-06 3e-06 -0.341954 -0.939717 0 0 0 0 
1.70957e-06 4.69298e-06 3e-06 -0.344401 -0.938823 1.96376e-20 0 0 0 
1.72184e-06 4.68846e-06 3e-06 -0.346846 -0.937922 0 0 0 0 
1.7341e-06 4.68391e-06 3e-06 -0.349289 -0.937015 -3.92752e-20 0 0 0 
1.74635e-06 4.67933e-06 3e-06 -0.351729 -0.936102 0 0 0 0 
1.75859e-06 4.67471e-06 3e-06 -0.354166 -0.935182 0 0 0 0 
1.77081e-06 4.67006e-06 3e-06 -0.356602 -0.934256 -3.92752e-20 0 0 0 
1.78302e-06 4.66539e-06 3e-06 -0.359035 -0.933324 0 0 0 0 
1.79522e-06 4.66067e-06 3e-06 -0.361465 -0.932386 -3.92752e-20 0 0 0 
1.8074e-06 4.65593e-06 3e-06 -0.363893 -0.931441 3.92752e-20 0 0 0 
1.81958e-06 4.65116e-06 3e-06 -0.366319 -0.930489 0 0 0 0 
1.83174e-06 4.64635e-06 3e-06 -0.368742 -0.929532 -3.92752e-20 0 0 0 
1.84389e-06 4.64151e-06 3e-06 -0.371162 -0.928568 0 0 0 0 
1.85602e-06 4.63664e-06 3e-06 -0.37358 -0.927598 -3.92752e-20 0 0 0 
1.86815e-06 4.63174e-06 3e-06 -0.375996 -0.926621 -3.92752e-20 0 0 0 
1.88026e-06 4.62681e-06 3e-06 -0.378409 -0.925639 0 0 0 0 
1.89235e-06 4.62185e-06 3e-06 -0.380819 -0.92465 -3.92752e-20 0 0 0 
1.90444e-06 4.61685e-06 3e-06 -0.383227 -0.923654 0 0 0 0 
1.91651e-06 4.61182e-06 3e-06 -0.385632 -0.922653 0 0 0 0 
1.92857e-06 4.60677e-06 3e-06 -0.388035 -0.921645 3.92752e-20 0 0 0 
1.94061e-06 4.60168e-06 3e-06 -0.390434 -0.920631 -3.92752e-20 0 0 0 
1.95265e-06 4.59656e-06 3e-06 -0.392832 -0.91961 0 0 0 0 
1.96467e-06 4.5914e-06 3e-06 -0.395226 -0.918584 3.92752e-20 0 0 0 
1.97667e-06 4.58622e-06 3e-06 -0.397618 -0.917551 -3.92752e-20 0 0 0 
1.98866e-06 4.581e-06 3e-06 -0.400007 -0.916512 0 0 0 0 
2.00064e-06 4.57576e-06 3e-06 -0.402394 -0.915467 -3.92752e-20 0 0 0 
2.0126e-06 4.57048e-06 3e-06 -0.404778 -0.914415 3.92752e-20 0 0 0 
2.02455e-06 4.56517e-06 3e-06 -0.407159 -0.913357 0 0 0 0 
2.03649e-06 4.55983e-06 3e-06 -0.409537 -0.912293 0 0 0 0 
2.04841e-06 4.55446e-06 3e-06 -0.411913 -0.911223 -3.92752e-20 0 0 0 
2.06032e-06 4.54906e-06 3e-06 -0.414285 -0.910147 0 0 0 0 
2.07222e-06 4.54363e-06 3e-06 -0.416655 -0.909065 0 0 0 0 
2.0841e-06 4.53816e-06 3e-06 -0.419022 -0.907976 -3.92752e-20 0 0 0 
2.09596e-06 4.53267e-06 3e-06 -0.421386 -0.906881 -3.92752e-20 0 0 0 
2.10781e-06 4.52714e-06 3e-06 -0.423748 -0.90578 0 0 0 0 
2.11965e-06 4.52159e-06 3e-06 -0.426106 -0.904673 0 0 0 0 
2.13147e-06 4.516e-06 3e-06 -0.428462 -0.90356 0 0 0 0 
2.14328e-06 4.51038e-06 3e-06 -0.430814 -0.902441 0 0 0 0 
2.15508e-06 4.50473e-06 3e-06 -0.433164 -0.901315 0 0 0 0 
2.16685e-06 4.49905e-06 3e-06 -0.435511 -0.900183 0 0 0 0 
2.17862e-06 4.49334e-06 3e-06 -0.437855 -0.899046 0 0 0 0 
2.19037e-06 4.4876e-06 3e-06 -0.440196 -0.897902 0 0 0 0 
2.2021e-06 4.48183e-06 3e-06 -0.442534 -0.896752 -3.92752e-20 0 0 0 
2.21382e-06 4.47603e-06 3e-06 -0.444868 -0.895596 0 0 0 0 
2.22552e-06 4.47019e-06 3e-06 -0.4472 -0.894434 -3.92752e-20 0 0 0 
2.23721e-06 4.46433e-06 3e-06 -0.449529 -0.893266 0 0 0 0 
2.24888e-06 4.45844e-06 3e-06 -0.451855 -0.892091 0 0 0 0 
2.26054e-06 4.45251e-06 3e-06 -0.454178 -0.890911 -3.92752e-20 0 0 0 
2.27218e-06 4.44656e-06 3e-06 -0.456497 -0.889725 3.92752e-20 0 0 0 
2.28381e-06 4.44057e-06 3e-06 -0.458814 -0.888532 3.92752e-20 0 0 0 
2.29542e-06 4.43456e-06 3e-06 -0.461127 -0.887334 0 0 0 0 
2.30702e-06 4.42851e-06 3e-06 -0.463437 -0.88613 3.92752e-20 0 0 0 
2.3186e-06 4.42244e-06 3e-06 -0.465745 -0.884919 0 0 0 0 
2.33016e-06 4.41633e-06 3e-06 -0.468049 -0.883703 0 0 0 0 
2.34171e-06 4.4102e-06 3e-06 -0.470349 -0.88248 -3.92752e-20 0 0 0 
2.35324e-06 4.40403e-06 3e-06 -0.472647 -0.881252 3.92752e-20 0 0 0 
2.36476e-06 4.39784e-06 3e-06 -0.474941 -0.880017 0 0 0 0 
2.37626e-06 4.39161e-06 3e-06 -0.477233 -0.878777 0 0 0 0 
2.38774e-06 4.38536e-06 3e-06 -0.47952 -0.877531 0 0 0 0 
2.39921e-06 4.37907e-06 3e-06 -0.481805 -0.876278 0 0 0 0 
2.41066e-06 4.37276e-06 3e-06 -0.484087 -0.87502 3.92752e-20 0 0 0 
2.42209e-06 4.36641e-06 3e-06 -0.486365 -0.873756 3.92752e-20 0 0 0 
2.43351e-06 4.36004e-06 3e-06 -0.488639 -0.872486 0 0 0 0 
2.44491e-06 4.35363e-06 3e-06 -0.490911 -0.87121 -3.92752e-20 0 0 0 
2.45629e-06 4.3472e-06 3e-06 -0.493179 -0.869928 0 0 0 0 
2.46766e-06 4.34073e-06 3e-06 -0.495444 -0.86864 -3.92752e-20 0 0 0 
2.47901e-06 4.33424e-06 3e-06 -0.497705 -0.867346 3.92752e-20 0 0 0 
2.49034e-06 4.32772e-06 3e-06 -0.499964 -0.866046 3.92752e-20 0 0 0 
2.50166e-06 4.32116e-06 3e-06 -0.502218 -0.864741 0 0 0 0 
2.51296e-06 4.31458e-06 3e-06 -0.504469 -0.86343 0 0 0 0 
2.52424e-06 4.30797e-06 3e-06 -0.506717 -0.862112 0 0 0 0 
2.5355e-06 4.30133e-06 3e-06 -0.508962 -0.860789 3.92752e-20 0 0 0 
2.54675e-06 4.29466e-06 3e-06 -0.511203 -0.85946 -3.92752e-20 0 0 0 
2.55798e-06 4.28796e-06 3e-06 -0.51344 -0.858125 0 0 0 0 
2.56919e-06 4.28123e-06 3e-06 -0.515674 -0.856785 -3.92752e-20 0 0 0 
2.58039e-06 4.27447e-06 3e-06 -0.517905 -0.855438 -3.92752e-20 0 0 0 
2.59157e-06 4.26769e-06 3e-06 -0.520132 -0.854086 0 0 0 0 
2.60273e-06 4.26087e-06 3e-06 -0.522355 -0.852728 0 0 0 0 
2.61387e-06 4.25403e-06 3e-06 -0.524575 -0.851364 0 0 0 0 
2.62499e-06 4.24715e-06 3e-06 -0.526791 -0.849995 0 0 0 0 
2.6361e-06 4.24025e-06 3e-06 -0.529004 -0.848619 -3.92752e-20 0 0 0 
2.64719e-06 4.23332e-06 3e-06 -0.531213 -0.847238 0 0 0 0 
2.65826e-06 4.22636e-06 3e-06 -0.533419 -0.845851 3.92752e-20 0 0 0 
2.66931e-06 4.21937e-06 3e-06 -0.535621 -0.844459 -3.92752e-20 0 0 0 
2.68034e-06 4.21235e-06 3e-06 -0.537819 -0.84306 0 0 0 0 
2.69136e-06 4.2053e-06 3e-06 -0.540014 -0.841656 0 0 0 0 
2.70235e-06 4.19823e-06 3e-06 -0.542205 -0.840246 3.92752e-20 0 0 0 
2.71333e-06 4.19112e-06 3e-06 -0.544392 -0.838831 0 0 0 0 
2.72429e-06 4.18399e-06 3e-06 -0.546576 -0.83741 0 0 0 0 
2.73523e-06 4.17683e-06 3e-06 -0.548756 -0.835983 0 0 0 0 
2.74615e-06 4.16964e-06 3e-06 -0.550932 -0.83455 0 0 0 0 
2.75706e-06 4.16242e-06 3e-06 -0.553104 -0.833112 0 0 0 0 
2.76794e-06 4.15517e-06 3e-06 -0.555273 -0.831668 0 0 0 0 
2.77881e-06 4.1479e-06 3e-06 -0.557438 -0.830219 3.92752e-20 0 0 0 
2.78965e-06 4.14059e-06 3e-06 -0.559599 -0.828763 0 0 0 0 
2.80048e-06 4.13326e-06 3e-06 -0.561757 -0.827303 0 0 0 0 
2.81129e-06 4.1259e-06 3e-06 -0.56391 -0.825836 3.92752e-20 0 0 0 
2.82208e-06 4.11851e-06 3e-06 -0.56606 -0.824364 0 0 0 0 
2.83285e-06 4.1111e-06 3e-06 -0.568206 -0.822887 0 0 0 0 
2.8436e-06 4.10365e-06 3e-06 -0.570348 -0.821403 0 0 0 0 
2.85433e-06 4.09618e-06 3e-06 -0.572486 -0.819915 0 0 0 0 
2.86504e-06 4.08868e-06 3e-06 -0.57462 -0.81842 -3.92752e-20 0 0 0 
2.87574e-06 4.08115e-06 3e-06 -0.57675 -0.81692 3.92752e-20 0 0 0 
2.88641e-06 4.0736e-06 3e-06 -0.578877 -0.815415 0 0 0 0 
2.89706e-06 4.06601e-06 3e-06 -0.580999 -0.813904 0 0 0 0 
2.9077e-06 4.0584e-06 3e-06 -0.583118 -0.812388 0 0 0 0 
2.91831e-06 4.05076e-06 3e-06 -0.585233 -0.810866 0 0 0 0 
2.9289e-06 4.0431e-06 3e-06 -0.587343 -0.809338 -3.92752e-20 0 0 0 
2.93948e-06 4.0354e-06 3e-06 -0.58945 -0.807805 0 0 0 0 
2.95003e-06 4.02768e-06 3e-06 -0.591552 -0.806267 0 0 0 0 
2.96056e-06 4.01993e-06 3e-06 -0.593651 -0.804723 0 0 0 0 
2.97107e-06 4.01216e-06 3e-06 -0.595746 -0.803173 0 0 0 0 
2.98157e-06 4.00435e-06 3e-06 -0.597836 -0.801618 3.92752e-20 0 0 0 
2.99204e-06 3.99652e-06 3e-06 -0.599923 -0.800058 0 0 0 0 
3.00249e-06 3.98866e-06 3e-06 -0.602005 -0.798492 3.92752e-20 0 0 0 
3.01292e-06 3.98078e-06 3e-06 -0.604083 -0.796921 0 0 0 0 
3.02333e-06 3.97286e-06 3e-06 -0.606158 -0.795344 3.92752e-20 0 0 0 
3.03372e-06 3.96492e-06 3e-06 -0.608228 -0.793762 -3.92752e-20 0 0 0 
3.04409e-06 3.95696e-06 3e-06 -0.610294 -0.792175 0 0 0 0 
3.05444e-06 3.94896e-06 3e-06 -0.612356 -0.790582 -3.92752e-20 0 0 0 
3.06477e-06 3.94094e-06 3e-06 -0.614413 -0.788984 3.92752e-20 0 0 0 
3.07507e-06 3.93289e-06 3e-06 -0.616467 -0.787381 0 0 0 0 
3.08536e-06 3.92482e-06 3e-06 -0.618516 -0.785772 0 0 0 0 
3.09562e-06 3.91672e-06 3e-06 -0.620561 -0.784158 0 0 0 0 
3.10587e-06 3.90859e-06 3e-06 -0.622602 -0.782538 -3.92752e-20 0 0 0 
3.11609e-06 3.90043e-06 3e-06 -0.624639 -0.780914 0 0 0 0 
3.12629e-06 3.89225e-06 3e-06 -0.626671 -0.779284 0 0 0 0 
3.13647e-06 3.88405e-06 3e-06 -0.6287 -0.777648 0 0 0 0 
3.14663e-06 3.87581e-06 3e-06 -0.630724 -0.776008 0 0 0 0 
3.15677e-06 3.86755e-06 3e-06 -0.632743 -0.774362 0 0 0 0 
3.16688e-06 3.85926e-06 3e-06 -0.634759 -0.77271 -3.92752e-20 0 0 0 
3.17697e-06 3.85095e-06 3e-06 -0.63677 -0.771054 0 0 0 0 
3.18705e-06 3.84261e-06 3e-06 -0.638776 -0.769392 3.92752e-20 0 0 0 
3.1971e-06 3.83424e-06 3e-06 -0.640779 -0.767726 0 0 0 0 
3.20712e-06 3.82585e-06 3e-06 -0.642777 -0.766053 0 0 0 0 
3.21713e-06 3.81743e-06 3e-06 -0.644771 -0.764376 -3.92752e-20 0 0 0 
3.22711e-06 3.80899e-06 3e-06 -0.64676 -0.762694 3.92752e-20 0 0 0 
3.23708e-06 3.80052e-06 3e-06 -0.648745 -0.761006 3.92752e-20 0 0 0 
3.24702e-06 3.79202e-06 3e-06 -0.650725 -0.759313 -3.92752e-20 0 0 0 
3.25694e-06 3.7835e-06 3e-06 -0.652701 -0.757615 0 0 0 0 
3.26683e-06 3.77495e-06 3e-06 -0.654673 -0.755912 -3.92752e-20 0 0 0 
3.2767e-06 3.76638e-06 3e-06 -0.65664 -0.754204 0 0 0 0 
3.28656e-06 3.75778e-06 3e-06 -0.658603 -0.752491 0 0 0 0 
3.29638e-06 3.74915e-06 3e-06 -0.660561 -0.750772 0 0 0 0 
3.30619e-06 3.7405e-06 3e-06 -0.662515 -0.749049 3.92752e-20 0 0 0 
3.31597e-06 3.73183e-06 3e-06 -0.664464 -0.74732 3.92752e-20 0 0 0 
3.32574e-06 3.72313e-06 3e-06 -0.666409 -0.745586 0 0 0 0 
3.33547e-06 3.7144e-06 3e-06 -0.66835 -0.743847 0 0 0 0 
3.34519e-06 3.70565e-06 3e-06 -0.670285 -0.742104 0 0 0 0 
3.35488e-06 3.69687e-06 3e-06 -0.672216 -0.740355 3.92752e-20 0 0 0 
3.36455e-06 3.68807e-06 3e-06 -0.674143 -0.738601 0 0 0 0 
3.3742e-06 3.67924e-06 3e-06 -0.676065 -0.736842 0 0 0 0 
3.38382e-06 3.67038e-06 3e-06 -0.677983 -0.735078 0 0 0 0 
3.39342e-06 3.66151e-06 3e-06 -0.679895 -0.733309 0 0 0 0 
3.403e-06 3.6526e-06 3e-06 -0.681804 -0.731535 -3.92752e-20 0 0 0 
3.41255e-06 3.64368e-06 3e-06 -0.683707 -0.729756 0 0 0 0 
3.42209e-06 3.63472e-06 3e-06 -0.685606 -0.727973 0 0 0 0 
3.43159e-06 3.62574e-06 3e-06 -0.687501 -0.726184 0 0 0 0 
3.44108e-06 3.61674e-06 3e-06 -0.68939 -0.72439 0 0 0 0 
3.45054e-06 3.60772e-06 3e-06 -0.691275 -0.722592 -3.92752e-20 0 0 0 
3.45998e-06 3.59866e-06 3e-06 -0.693156 -0.720788 0 0 0 0 
3.46939e-06 3.58959e-06 3e-06 -0.695031 -0.71898 3.92752e-20 0 0 0 
3.47878e-06 3.58049e-06 3e-06 -0.696902 -0.717166 -3.92752e-20 0 0 0 
3.48814e-06 3.57136e-06 3e-06 -0.698768 -0.715348 -3.92752e-20 0 0 0 
3.49749e-06 3.56221e-06 3e-06 -0.700629 -0.713525 3.92752e-20 0 0 0 
3.50681e-06 3.55304e-06 3e-06 -0.702486 -0.711697 0 0 0 0 
3.5161e-06 3.54384e-06 3e-06 -0.704338 -0.709865 0 0 0 0 
3.52537e-06 3.53462e-06 3e-06 -0.706185 -0.708027 -3.92752e-20 0 0 0 
3.53462e-06 3.52537e-06 3e-06 -0.708027 -0.706185 3.92752e-20 0 0 0 
3.54384e-06 3.5161e-06 3e-06 -0.709865 -0.704338 0 0 0 0 
3.55304e-06 3.50681e-06 3e-06 -0.711697 -0.702486 0 0 0 0 
3.56221e-06 3.49749e-06 3e-06 -0.713525 -0.700629 -3.92752e-20 0 0 0 
3.57136e-06 3.48814e-06 3e-06 -0.715348 -0.698768 3.92752e-20 0 0 0 
3.58049e-06 3.47878e-06 3e-06 -0.717166 -0.696902 0 0 0 0 
3.58959e-06 3.46939e-06 3e-06 -0.71898 -0.695031 -3.92752e-20 0 0 0 
3.59866e-06 3.45998e-06 3e-06 -0.720788 -0.693156 0 0 0 0 
3.60772e-06 3.45054e-06 3e-06 -0.722592 -0.691275 3.92752e-20 0 0 0 
3.61674e-06 3.44108e-06 3e-06 -0.72439 -0.68939 0 0 0 0 
3.62574e-06 3.43159e-06 3e-06 -0.726184 -0.687501 3.92752e-20 0 0 0 
3.63472e-06 3.42209e-06 3e-06 -0.727973 -0.685606 0 0 0 0 
3.64368e-06 3.41255e-06 3e-06 -0.729756 -0.683707 0 0 0 0 
3.6526e-06 3.403e-06 3e-06 -0.731535 -0.681804 3.92752e-20 0 0 0 
3.66151e-06 3.39342e-06 3e-06 -0.733309 -0.679895 0 0 0 0 
3.67038e-06 3.38382e-06 3e-06 -0.735078 -0.677983 0 0 0 0 
3.67924e-06 3.3742e-06 3e-06 -0.736842 -0.676065 0 0 0 0 
3.68807e-06 3.36455e-06 3e-06 -0.738601 -0.674143 0 0 0 0 
3.69687e-06 3.35488e-06 3e-06 -0.740355 -0.672216 -3.92752e-20 0 0 0 
3.70565e-06 3.34519e-06 3e-06 -0.742104 -0.670285 0 0 0 0 
3.7144e-06 3.33547e-06 3e-06 -0.743847 -0.66835 0 0 0 0 
3.72313e-06 3.32574e-06 3e-06 -0.745586 -0.666409 0 0 0 0 
3.73183e-06 3.31597e-06 3e-06 -0.74732 -0.664464 0 0 0 0 
3.7405e-06 3.30619e-06 3e-06 -0.749049 -0.662515 -3.92752e-20 0 0 0 
3.74915e-06 3.29638e-06 3e-06 -0.750772 -0.660561 0 0 0 0 
3.75778e-06 3.28656e-06 3e-06 -0.752491 -0.658603 0 0 0 0 
3.76638e-06 3.2767e-06 3e-06 -0.754204 -0.65664 0 0 0 0 
3.77495e-06 3.26683e-06 3e-06 -0.755912 -0.654673 3.92752e-20 0 0 0 
3.7835e-06 3.25694e-06 3e-06 -0.757615 -0.652701 0 0 0 0 
3.79202e-06 3.24702e-06 3e-06 -0.759313 -0.650725 0 0 0 0 
3.80052e-06 3.23708e-06 3e-06 -0.761006 -0.648745 -3.92752e-20 0 0 0 
3.80899e-06 3.22711e-06 3e-06 -0.762694 -0.64676 -3.92752e-20 0 0 0 
3.81743e-06 3.21713e-06 3e-06 -0.764376 -0.644771 3.92752e-20 0 0 0 
3.82585e-06 3.20712e-06 3e-06 -0.766053 -0.642777 0 0 0 0 
3.83424e-06 3.1971e-06 3e-06 -0.767726 -0.640779 0 0 0 0 
3.84261e-06 3.18705e-06 3e-06 -0.769392 -0.638776 -3.92752e-20 0 0 0 
3.85095e-06 3.17697e-06 3e-06 -0.771054 -0.63677 0 0 0 0 
3.85926e-06 3.16688e-06 3e-06 -0.77271 -0.634759 3.92752e-20 0 0 0 
3.86755e-06 3.15677e-06 3e-06 -0.774362 -0.632743 0 0 0 0 
3.87581e-06 3.14663e-06 3e-06 -0.776008 -0.630724 0 0 0 0 
3.88405e-06 3.13647e-06 3e-06 -0.777648 -0.6287 0 0 0 0 
3.89225e-06 3.12629e-06 3e-06 -0.779284 -0.626671 0 0 0 0 
3.90043e-06 3.11609e-06 3e-06 -0.780914 -0.624639 0 0 0 0 
3.90859e-06 3.10587e-06 3e-06 -0.782538 -0.622602 3.92752e-20 0 0 0 
3.91672e-06 3.09562e-06 3e-06 -0.784158 -0.620561 0 0 0 0 
3.92482e-06 3.08536e-06 3e-06 -0.785772 -0.618516 0 0 0 0 
3.93289e-06 3.07507e-06 3e-06 -0.787381 -0.616467 0 0 0 0 
3.94094e-06 3.06477e-06 3e-06 -0.788984 -0.614413 -3.92752e-20 0 0 0 
3.94896e-06 3.05444e-06 3e-06 -0.790582 -0.612356 3.92752e-20 0 0 0 
3.95696e-06 3.04409e-06 3e-06 -0.792175 -0.610294 -3.92752e-20 0 0 0 
3.96492e-06 3.03372e-06 3e-06 -0.793762 -0.608228 0 0 0 0 
3.97286e-06 3.02333e-06 3e-06 -0.795344 -0.606158 -3.92752e-20 0 0 0 
3.98078e-06 3.01292e-06 3e-06 -0.796921 -0.604083 0 0 0 0 
3.98866e-06 3.00249e-06 3e-06 -0.798492 -0.602005 -3.92752e-20 0 0 0 
3.99652e-06 2.99204e-06 3e-06 -0.800058 -0.599923 0 0 0 0 
4.00435e-06 2.98157e-06 3e-06 -0.801618 -0.597836 -3.92752e-20 0 0 0 
4.01216e-06 2.97107e-06 3e-06 -0.803173 -0.595746 0 0 0 0 
4.01993e-06 2.96056e-06 3e-06 -0.804723 -0.593651 0 0 0 0 
4.02768e-06 2.95003e-06 3e-06 -0.806267 -0.591552 0 0 0 0 
4.0354e-06 2.93948e-06 3e-06 -0.807805 -0.58945 0 0 0 0 
4.0431e-06 2.9289e-06 3e-06 -0.809338 -0.587343 3.92752e-20 0 0 0 
4.05076e-06 2.91831e-06 3e-06 -0.810866 -0.585233 0 0 0 0 
4.0584e-06 2.9077e-06 3e-06 -0.812388 -0.583118 0 0 0 0 
4.06601e-06 2.89706e-06 3e-06 -0.813904 -0.580999 0 0 0 0 
4.0736e-06 2.88641e-06 3e-06 -0.815415 -0.578877 0 0 0 0 
4.08115e-06 2.87574e-06 3e-06 -0.81692 -0.57675 0 0 0 0 
4.08868e-06 2.86504e-06 3e-06 -0.81842 -0.57462 0 0 0 0 
4.09618e-06 2.85433e-06 3e-06 -0.819915 -0.572486 -3.92752e-20 0 0 0 
4.10365e-06 2.8436e-06 3e-06 -0.821403 -0.570348 0 0 0 0 
4.1111e-06 2.83285e-06 3e-06 -0.822887 -0.568206 0 0 0 0 
4.11851e-06 2.82208e-06 3e-06 -0.824364 -0.56606 0 0 0 0 
4.1259e-06 2.81129e-06 3e-06 -0.825836 -0.56391 -3.92752e-20 0 0 0 
4.13326e-06 2.80048e-06 3e-06 -0.827303 -0.561757 0 0 0 0 
4.14059e-06 2.78965e-06 3e-06 -0.828763 -0.559599 0 0 0 0 
4.1479e-06 2.77881e-06 3e-06 -0.830219 -0.557438 -3.92752e-20 0 0 0 
4.15517e-06 2.76794e-06 3e-06 -0.831668 -0.555273 0 0 0 0 
4.16242e-06 2.75706e-06 3e-06 -0.833112 -0.553104 0 0 0 0 
4.16964e-06 2.74615e-06 3e-06 -0.83455 -0.550932 0 0 0 0 
4.17683e-06 2.73523e-06 3e-06 -0.835983 -0.548756 0 0 0 0 
4.18399e-06 2.72429e-06 3e-06 -0.83741 -0.546576 0 0 0 0 
4.19112e-06 2.71333e-06 3e-06 -0.838831 -0.544392 0 0 0 0 
4.19823e-06 2.70235e-06 3e-06 -0.840246 -0.542205 -3.92752e-20 0 0 0 
4.2053e-06 2.69136e-06 3e-06 -0.841656 -0.540014 0 0 0 0 
4.21235e-06 2.68034e-06 3e-06 -0.84306 -0.537819 0 0 0 0 
4.21937e-06 2.66931e-06 3e-06 -0.844459 -0.535621 3.92752e-20 0 0 0 
4.22636e-06 2.65826e-06 3e-06 -0.845851 -0.533419 -3.92752e-20 0 0 0 
4.23332e-06 2.64719e-06 3e-06 -0.847238 -0.531213 0 0 0 0 
4.24025e-06 2.6361e-06 3e-06 -0.848619 -0.529004 3.92752e-20 0 0 0 
4.24715e-06 2.62499e-06 3e-06 -0.849995 -0.526791 3.92752e-20 0 0 0 
4.25403e-06 2.61387e-06 3e-06 -0.851364 -0.524575 0 0 0 0 
4.26087e-06 2.60273e-06 3e-06 -0.852728 -0.522355 0 0 0 0 
4.26769e-06 2.59157e-06 3e-06 -0.854086 -0.520132 3.92752e-20 0 0 0 
4.27447e-06 2.58039e-06 3e-06 -0.855438 -0.517905 3.92752e-20 0 0 0 
4.28123e-06 2.56919e-06 3e-06 -0.856785 -0.515674 3.92752e-20 0 0 0 
4.28796e-06 2.55798e-06 3e-06 -0.858125 -0.51344 0 0 0 0 
4.29466e-06 2.54675e-06 3e-06 -0.85946 -0.511203 3.92752e-20 0 0 0 
4.30133e-06 2.5355e-06 3e-06 -0.860789 -0.508962 -3.92752e-20 0 0 0 
4.30797e-06 2.52424e-06 3e-06 -0.862112 -0.506717 0 0 0 0 
4.31458e-06 2.51296e-06 3e-06 -0.86343 -0.504469 0 0 0 0 
4.32116e-06 2.50166e-06 3e-06 -0.864741 -0.502218 0 0 0 0 
4.32772e-06 2.49034e-06 3e-06 -0.866046 -0.499964 -3.92752e-20 0 0 0 
4.33424e-06 2.47901e-06 3e-06 -0.867346 -0.497705 -3.92752e-20 0 0 0 
4.34073e-06 2.46766e-06 3e-06 -0.86864 -0.495444 3.92752e-20 0 0 0 
4.3472e-06 2.45629e-06 3e-06 -0.869928 -0.493179 0 0 0 0 
4.35363e-06 2.44491e-06 3e-06 -0.87121 -0.490911 3.92752e-20 0 0 0 
4.36004e-06 2.43351e-06 3e-06 -0.872486 -0.488639 0 0 0 0 
4.36641e-06 2.42209e-06 3e-06 -0.873756 -0.486365 -3.92752e-20 0 0 0 
4.37276e-06 2.41066e-06 3e-06 -0.87502 -0.484087 -3.92752e-20 0 0 0 
4.37907e-06 2.39921e-06 3e-06 -0.876278 -0.481805 0 0 0 0 
4.38536e-06 2.38774e-06 3e-06 -0.877531 -0.47952 0 0 0 0 
4.39161e-06 2.37626e-06 3e-06 -0.878777 -0.477233 0 0 0 0 
4.39784e-06 2.36476e-06 3e-06 -0.880017 -0.474941 0 0 0 0 
4.40403e-06 2.35324e-06 3e-06 -0.881252 -0.472647 -3.92752e-20 0 0 0 
4.4102e-06 2.34171e-06 3e-06 -0.88248 -0.470349 3.92752e-20 0 0 0 
4.41633e-06 2.33016e-06 3e-06 -0.883703 -0.468049 0 0 0 0 
4.42244e-06 2.3186e-06 3e-06 -0.884919 -0.465745 0 0 0 0 
4.42851e-06 2.30702e-06 3e-06 -0.88613 -0.463437 -3.92752e-20 0 0 0 
4.43456e-06 2.29542e-06 3e-06 -0.887334 -0.461127 0 0 0 0 
4.44057e-06 2.28381e-06 3e-06 -0.888532 -0.458814 -3.92752e-20 0 0 0 
4.44656e-06 2.27218e-06 3e-06 -0.889725 -0.456497 -3.92752e-20 0 0 0 
4.45251e-06 2.26054e-06 3e-06 -0.890911 -0.454178 3.92752e-20 0 0 0 
4.45844e-06 2.24888e-06 3e-06 -0.892091 -0.451855 0 0 0 0 
4.46433e-06 2.23721e-06 3e-06 -0.893266 -0.449529 0 0 0 0 
4.47019e-06 2.22552e-06 3e-06 -0.894434 -0.4472 3.92752e-20 0 0 0 
4.47603e-06 2.21382e-06 3e-06 -0.895596 -0.444868 0 0 0 0 
4.48183e-06 2.2021e-06 3e-06 -0.896752 -0.442534 3.92752e-20 0 0 0 
4.4876e-06 2.19037e-06 3e-06 -0.897902 -0.440196 0 0 0 0 
4.49334e-06 2.17862e-06 3e-06 -0.899046 -0.437855 0 0 0 0 
4.49905e-06 2.16685e-06 3e-06 -0.900183 -0.435511 0 0 0 0 
4.50473e-06 2.15508e-06 3e-06 -0.901315 -0.433164 0 0 0 0 
4.51038e-06 2.14328e-06 3e-06 -0.902441 -0.430814 0 0 0 0 
4.516e-06 2.13147e-06 3e-06 -0.90356 -0.428462 0 0 0 0 
4.52159e-06 2.11965e-06 3e-06 -0.904673 -0.426106 0 0 0 0 
4.52714e-06 2.10781e-06 3e-06 -0.90578 -0.423748 0 0 0 0 
4.53267e-06 2.09596e-06 3e-06 -0.906881 -0.421386 3.92752e-20 0 0 0 
4.53816e-06 2.0841e-06 3e-06 -0.907976 -0.419022 3.92752e-20 0 0 0 
4.54363e-06 2.07222e-06 3e-06 -0.909065 -0.416655 0 0 0 0 
4.54906e-06 2.06032e-06 3e-06 -0.910147 -0.414285 0 0 0 0 
4.55446e-06 2.04841e-06 3e-06 -0.911223 -0.411913 3.92752e-20 0 0 0 
4.55983e-06 2.03649e-06 3e-06 -0.912293 -0.409537 0 0 0 0 
4.56517e-06 2.02455e-06 3e-06 -0.913357 -0.407159 0 0 0 0 
4.57048e-06 2.0126e-06 3e-06 -0.914415 -0.404778 -3.92752e-20 0 0 0 
4.57576e-06 2.00064e-06 3e-06 -0.915467 -0.402394 3.92752e-20 0 0 0 
4.581e-06 1.98866e-06 3e-06 -0.916512 -0.400007 0 0 0 0 
4.58622e-06 1.97667e-06 3e-06 -0.917551 -0.397618 3.92752e-20 0 0 0 
4.5914e-06 1.96467e-06 3e-06 -0.918584 -0.395226 -3.92752e-20 0 0 0 
4.59656e-06 1.95265e-06 3e-06 -0.91961 -0.392832 0 0 0 0 
4.60168e-06 1.94061e-06 3e-06 -0.920631 -0.390434 3.92752e-20 0 0 0 
4.60677e-06 1.92857e-06 3e-06 -0.921645 -0.388035 -3.92752e-20 0 0 0 
4.61182e-06 1.91651e-06 3e-06 -0.922653 -0.385632 0 0 0 0 
4.61685e-06 1.90444e-06 3e-06 -0.923654 -0.383227 0 0 0 0 
4.62185e-06 1.89235e-06 3e-06 -0.92465 -0.380819 3.92752e-20 0 0 0 
4.62681e-06 1.88026e-06 3e-06 -0.925639 -0.378409 0 0 0 0 
4.63174e-06 1.86815e-06 3e-06 -0.926621 -0.375996 3.92752e-20 0 0 0 
4.63664e-06 1.85602e-06 3e-06 -0.927598 -0.37358 3.92752e-20 0 0 0 
4.64151e-06 1.84389e-06 3e-06 -0.928568 -0.371162 0 0 0 0 
4.64635e-06 1.83174e-06 3e-06 -0.929532 -0.368742 3.92752e-20 0 0 0 
4.65116e-06 1.81958e-06 3e-06 -0.930489 -0.366319 0 0 0 0 
4.65593e-06 1.8074e-06 3e-06 -0.931441 -0.363893 0 0 0 0 
4.66067e-06 1.79522e-06 3e-06 -0.932386 -0.361465 3.92752e-20 0 0 0 
4.66539e-06 1.78302e-06 3e-06 -0.933324 -0.359035 0 0 0 0 
4.67006e-06 1.77081e-06 3e-06 -0.934256 -0.356602 0 0 0 0 
4.67471e-06 1.75859e-06 3e-06 -0.935182 -0.354166 0 0 0 0 
4.67933e-06 1.74635e-06 3e-06 -0.936102 -0.351729 0 0 0 0 
4.68391e-06 1.7341e-06 3e-06 -0.937015 -0.349289 3.92752e-20 0 0 0 
4.68846e-06 1.72184e-06 3e-06 -0.937922 -0.346846 -3.92752e-20 0 0 0 
4.69298e-06 1.70957e-06 3e-06 -0.938823 -0.344401 -1.96376e-20 0 0 0 
4.69747e-06 1.69729e-06 3e-06 -0.939717 -0.341954 0 0 0 0 
4.70192e-06 1.685e-06 3e-06 -0.940604 -0.339505 1.96376e-20 0 0 0 
4.70635e-06 1.67269e-06 3e-06 -0.941486 -0.337053 1.96376e-20 0 0 0 
4.71074e-06 1.66038e-06 3e-06 -0.942361 -0.334599 -1.96376e-20 0 0 0 
4.7151e-06 1.64805e-06 3e-06 -0.943229 -0.332142 0 0 0 0 
4.71943e-06 1.63571e-06 3e-06 -0.944091 -0.329684 0 0 0 0 
4.72372e-06 1.62336e-06 3e-06 -0.944947 -0.327223 0 0 0 0 
4.72798e-06 1.61099e-06 3e-06 -0.945796 -0.32476 -1.96376e-20 0 0 0 
4.73221e-06 1.59862e-06 3e-06 -0.946639 -0.322295 0 0 0 0 
4.73641e-06 1.58624e-06 3e-06 -0.947476 -0.319827 1.96376e-20 0 0 0 
4.74058e-06 1.57384e-06 3e-06 -0.948306 -0.317358 0 0 0 0 
4.74471e-06 1.56144e-06 3e-06 -0.94913 -0.314886 -1.96376e-20 0 0 0 
4.74881e-06 1.54902e-06 3e-06 -0.949947 -0.312412 0 0 0 0 
4.75288e-06 1.53659e-06 3e-06 -0.950757 -0.309936 0 0 0 0 
4.75692e-06 1.52415e-06 3e-06 -0.951562 -0.307458 0 0 0 0 
4.76092e-06 1.51171e-06 3e-06 -0.95236 -0.304978 1.96376e-20 0 0 0 
4.7649e-06 1.49925e-06 3e-06 -0.953151 -0.302495 0 0 0 0 
4.76883e-06 1.48678e-06 3e-06 -0.953936 -0.300011 0 0 0 0 
4.77274e-06 1.4743e-06 3e-06 -0.954714 -0.297524 0 0 0 0 
4.77662e-06 1.46181e-06 3e-06 -0.955486 -0.295036 0 0 0 0 
4.78046e-06 1.44931e-06 3e-06 -0.956252 -0.292546 0 0 0 0 
4.78427e-06 1.4368e-06 3e-06 -0.95701 -0.290053 -1.96376e-20 0 0 0 
4.78804e-06 1.42428e-06 3e-06 -0.957763 -0.287559 -1.96376e-20 0 0 0 
4.79179e-06 1.41175e-06 3e-06 -0.958509 -0.285063 -1.96376e-20 0 0 0 
4.7955e-06 1.39921e-06 3e-06 -0.959248 -0.282564 0 0 0 0 
4.79918e-06 1.38666e-06 3e-06 -0.959981 -0.280064 0 0 0 0 
4.80282e-06 1.37411e-06 3e-06 -0.960708 -0.277562 0 0 0 0 
4.80644e-06 1.36154e-06 3e-06 -0.961428 -0.275058 0 0 0 0 
4.81002e-06 1.34896e-06 3e-06 -0.962141 -0.272552 1.96376e-20 0 0 0 
4.81356e-06 1.33638e-06 3e-06 -0.962848 -0.270045 0 0 0 0 
4.81708e-06 1.32378e-06 3e-06 -0.963548 -0.267535 0 0 0 0 
4.82056e-06 1.31118e-06 3e-06 -0.964242 -0.265024 0 0 0 0 
4.82401e-06 1.29856e-06 3e-06 -0.964929 -0.262511 0 0 0 0 
4.82743e-06 1.28594e-06 3e-06 -0.96561 -0.259996 0 0 0 0 
4.83081e-06 1.27331e-06 3e-06 -0.966284 -0.257479 -1.96376e-20 0 0 0 
4.83416e-06 1.26067e-06 3e-06 -0.966951 -0.254961 1.96376e-20 0 0 0 
4.83748e-06 1.24802e-06 3e-06 -0.967612 -0.252441 1.96376e-20 0 0 0 
4.84076e-06 1.23536e-06 3e-06 -0.968267 -0.249919 0 0 0 0 
4.84401e-06 1.2227e-06 3e-06 -0.968915 -0.247395 -1.96376e-20 0 0 0 
4.84723e-06 1.21002e-06 3e-06 -0.969556 -0.24487 -1.96376e-20 0 0 0 
4.85042e-06 1.19734e-06 3e-06 -0.970191 -0.242343 0 0 0 0 
4.85357e-06 1.18465e-06 3e-06 -0.970819 -0.239814 -1.96376e-20 0 0 0 
4.85669e-06 1.17195e-06 3e-06 -0.97144 -0.237284 0 0 0 0 
4.85978e-06 1.15925e-06 3e-06 -0.972055 -0.234753 1.96376e-20 0 0 0 
4.86283e-06 1.14653e-06 3e-06 -0.972663 -0.232219 0 0 0 0 
4.86585e-06 1.13381e-06 3e-06 -0.973265 -0.229684 0 0 0 0 
4.86884e-06 1.12108e-06 3e-06 -0.97386 -0.227148 1.96376e-20 0 0 0 
4.87179e-06 1.10834e-06 3e-06 -0.974449 -0.22461 0 0 0 0 
4.87471e-06 1.09559e-06 3e-06 -0.975031 -0.22207 0 0 0 0 
4.8776e-06 1.08284e-06 3e-06 -0.975606 -0.219529 0 0 0 0 
4.88045e-06 1.07008e-06 3e-06 -0.976175 -0.216986 -1.96376e-20 0 0 0 
4.88327e-06 1.05731e-06 3e-06 -0.976737 -0.214442 0 0 0 0 
4.88606e-06 1.04453e-06 3e-06 -0.977292 -0.211897 0 0 0 0 
4.88881e-06 1.03175e-06 3e-06 -0.977841 -0.20935 0 0 0 0 
4.89154e-06 1.01896e-06 3e-06 -0.978383 -0.206802 0 0 0 0 
4.89422e-06 1.00616e-06 3e-06 -0.978918 -0.204252 0 0 0 0 
4.89688e-06 9.93357e-07 3e-06 -0.979447 -0.201701 0 0 0 0 
4.8995e-06 9.80546e-07 3e-06 -0.979969 -0.199148 0 0 0 0 
4.90209e-06 9.67728e-07 3e-06 -0.980485 -0.196594 -1.96376e-20 0 0 0 
4.90464e-06 9.54904e-07 3e-06 -0.980994 -0.194039 1.96376e-20 0 0 0 
4.90716e-06 9.42072e-07 3e-06 -0.981496 -0.191483 0 0 0 0 
4.90965e-06 9.29235e-07 3e-06 -0.981992 -0.188925 0 0 0 0 
4.9121e-06 9.1639e-07 3e-06 -0.98248 -0.186366 0 0 0 0 
4.91452e-06 9.0354e-07 3e-06 -0.982963 -0.183805 -1.96376e-20 0 0 0 
4.91691e-06 8.90683e-07 3e-06 -0.983438 -0.181244 0 0 0 0 
4.91926e-06 8.7782e-07 3e-06 -0.983907 -0.178681 0 0 0 0 
4.92158e-06 8.64951e-07 3e-06 -0.984369 -0.176117 -1.96376e-20 0 0 0 
4.92387e-06 8.52076e-07 3e-06 -0.984825 -0.173551 0 0 0 0 
4.92612e-06 8.39195e-07 3e-06 -0.985274 -0.170985 0 0 0 0 
4.92834e-06 8.26308e-07 3e-06 -0.985716 -0.168417 1.96376e-20 0 0 0 
4.93052e-06 8.13416e-07 3e-06 -0.986151 -0.165849 0 0 0 0 
4.93268e-06 8.00518e-07 3e-06 -0.98658 -0.163279 0 0 0 0 
4.93479e-06 7.87614e-07 3e-06 -0.987002 -0.160708 0 0 0 0 
4.93688e-06 7.74705e-07 3e-06 -0.987417 -0.158136 9.8188e-21 0 0 0 
4.93893e-06 7.6179e-07 3e-06 -0.987826 -0.155563 -9.8188e-21 0 0 0 
4.94095e-06 7.4887e-07 3e-06 -0.988228 -0.152988 0 0 0 0 
4.94293e-06 7.35945e-07 3e-06 -0.988623 -0.150413 -9.8188e-21 0 0 0 
4.94488e-06 7.23015e-07 3e-06 -0.989012 -0.147837 0 0 0 0 
4.9468e-06 7.10079e-07 3e-06 -0.989394 -0.14526 0 0 0 0 
4.94868e-06 6.97139e-07 3e-06 -0.989769 -0.142681 0 0 0 0 
4.95053e-06 6.84194e-07 3e-06 -0.990137 -0.140102 0 0 0 0 
4.95234e-06 6.71244e-07 3e-06 -0.990499 -0.137522 9.8188e-21 0 0 0 
4.95413e-06 6.5829e-07 3e-06 -0.990854 -0.134941 -9.8188e-21 0 0 0 
4.95587e-06 6.4533e-07 3e-06 -0.991202 -0.132359 -9.8188e-21 0 0 0 
4.95759e-06 6.32367e-07 3e-06 -0.991543 -0.129776 -9.8188e-21 0 0 0 
4.95927e-06 6.19399e-07 3e-06 -0.991878 -0.127192 0 0 0 0 
4.96091e-06 6.06426e-07 3e-06 -0.992206 -0.124608 0 0 0 0 
4.96253e-06 5.9345e-07 3e-06 -0.992527 -0.122022 0 0 0 0 
4.96411e-06 5.80469e-07 3e-06 -0.992842 -0.119436 -9.8188e-21 0 0 0 
4.96565e-06 5.67484e-07 3e-06 -0.99315 -0.116849 9.8188e-21 0 0 0 
4.96716e-06 5.54495e-07 3e-06 -0.993451 -0.114261 -9.8188e-21 0 0 0 
4.96864e-06 5.41502e-07 3e-06 -0.993745 -0.111672 9.8188e-21 0 0 0 
4.97008e-06 5.28506e-07 3e-06 -0.994033 -0.109082 0 0 0 0 
4.97149e-06 5.15505e-07 3e-06 -0.994314 -0.106492 0 0 0 0 
4.97287e-06 5.02501e-07 3e-06 -0.994588 -0.103901 0 0 0 0 
4.97421e-06 4.89494e-07 3e-06 -0.994855 -0.10131 0 0 0 0 
4.97552e-06 4.76483e-07 3e-06 -0.995116 -0.0987174 0 0 0 0 
4.97679e-06 4.63469e-07 3e-06 -0.995369 -0.0961244 0 0 0 0 
4.97803e-06 4.50451e-07 3e-06 -0.995616 -0.0935307 9.8188e-21 0 0 0 
4.97924e-06 4.37431e-07 3e-06 -0.995857 -0.0909364 9.8188e-21 0 0 0 
4.98041e-06 4.24407e-07 3e-06 -0.99609 -0.0883415 -9.8188e-21 0 0 0 
4.98155e-06 4.1138e-07 3e-06 -0.996317 -0.085746 0 0 0 0 
4.98265e-06 3.9835e-07 3e-06 -0.996537 -0.08315 0 0 0 0 
4.98372e-06 3.85318e-07 3e-06 -0.99675 -0.0805533 -4.9094e-21 0 0 0 
4.98476e-06 3.72282e-07 3e-06 -0.996957 -0.0779561 0 0 0 0 
4.98576e-06 3.59244e-07 3e-06 -0.997157 -0.0753584 0 0 0 0 
4.98673e-06 3.46204e-07 3e-06 -0.997349 -0.0727602 0 0 0 0 
4.98766e-06 3.33161e-07 3e-06 -0.997536 -0.0701614 0 0 0 0 
4.98856e-06 3.20115e-07 3e-06 -0.997715 -0.0675622 -4.9094e-21 0 0 0 
4.98943e-06 3.07067e-07 3e-06 -0.997888 -0.0649626 -4.9094e-21 0 0 0 
4.99026e-06 2.94017e-07 3e-06 -0.998054 -0.0623625 0 0 0 0 
4.99106e-06 2.80965e-07 3e-06 -0.998213 -0.059762 0 0 0 0 
4.99183e-06 2.67911e-07 3e-06 -0.998365 -0.057161 0 0 0 0 
4.99256e-06 2.54855e-07 3e-06 -0.998511 -0.0545597 4.9094e-21 0 0 0 
4.99325e-06 2.41797e-07 3e-06 -0.998649 -0.051958 0 0 0 0 
4.99391e-06 2.28738e-07 3e-06 -0.998781 -0.049356 0 0 0 0 
4.99454e-06 2.15676e-07 3e-06 -0.998906 -0.0467536 -4.9094e-21 0 0 0 
4.99514e-06 2.02613e-07 3e-06 -0.999025 -0.0441509 0 0 0 0 
4.9957e-06 1.89549e-07 3e-06 -0.999137 -0.0415479 0 0 0 0 
4.99622e-06 1.76483e-07 3e-06 -0.999241 -0.0389446 0 0 0 0 
4.99672e-06 1.63416e-07 3e-06 -0.999339 -0.0363411 0 0 0 0 
4.99717e-06 1.50347e-07 3e-06 -0.999431 -0.0337373 0 0 0 0 
4.9976e-06 1.37278e-07 3e-06 -0.999515 -0.0311333 0 0 0 0 
4.99799e-06 1.24207e-07 3e-06 -0.999593 -0.0285291 -2.4547e-21 0 0 0 
4.99834e-06 1.11135e-07 3e-06 -0.999664 -0.0259246 0 0 0 0 
4.99867e-06 9.8063e-08 3e-06 -0.999728 -0.02332 0 0 0 0 
4.99895e-06 8.49897e-08 3e-06 -0.999785 -0.0207153 2.4547e-21 0 0 0 
4.99921e-06 7.19157e-08 3e-06 -0.999836 -0.0181104 -1.22735e-21 0 0 0 
4.99943e-06 5.8841e-08 3e-06 -0.99988 -0.0155054 -1.22735e-21 0 0 0 
4.99961e-06 4.57659e-08 3e-06 -0.999917 -0.0129002 0 0 0 0 
4.99977e-06 3.26903e-08 3e-06 -0.999947 -0.010295 1.22735e-21 0 0 0 
4.99988e-06 1.96144e-08 3e-06 -0.99997 -0.00768975 0 0 0 0 
4.99997e-06 6.53816e-09 3e-06 -0.999987 -0.00508441 0 0 0 0 
