4.99987e-06 -2.50123e-08 0 0.999987 -0.00500252 0 0 0 0 
4.99987e-06 2.50123e-08 0 0.999987 0.00500252 0 0 0 0 
4.99937e-06 7.50343e-08 0 0.999887 0.015007 1.08892e-19 0 0 0 
4.99837e-06 1.25049e-07 0 0.999687 0.0250101 0 0 0 0 
4.99687e-06 1.75051e-07 0 0.999387 0.0350106 0 0 0 0 
4.99487e-06 2.25035e-07 0 0.998987 0.0450076 0 0 0 0 
4.99237e-06 2.74997e-07 0 0.998486 0.0550001 -4.35569e-19 0 0 0 
4.98937e-06 3.24932e-07 0 0.997886 0.0649871 0 0 0 0 
4.98587e-06 3.74834e-07 0 0.997186 0.0749676 0 0 0 0 
4.98187e-06 4.24698e-07 0 0.996386 0.0849407 0 0 0 0 
4.97737e-06 4.7452e-07 0 0.995486 0.0949051 0 0 0 0 
4.97237e-06 5.24294e-07 0 0.994487 0.10486 -8.71138e-19 0 0 0 
4.96688e-06 5.74016e-07 0 0.993388 0.114805 0 0 0 0 
4.96089e-06 6.2368e-07 0 0.99219 0.124738 0 0 0 0 
4.9544e-06 6.73282e-07 0 0.990892 0.134658 0 0 0 0 
4.94741e-06 7.22817e-07 0 0.989495 0.144565 0 0 0 0 
4.93994e-06 7.72279e-07 0 0.987999 0.154458 -8.71138e-19 0 0 0 
4.93196e-06 8.21664e-07 0 0.986405 0.164335 8.71138e-19 0 0 0 
4.92349e-06 8.70967e-07 0 0.984711 0.174196 0 0 0 0 
4.91453e-06 9.20182e-07 0 0.982919 0.184039 0 0 0 0 
4.90508e-06 9.69306e-07 0 0.981029 0.193864 0 0 0 0 
4.89514e-06 1.01833e-06 0 0.97904 0.203669 0 0 0 0 
4.8847e-06 1.06726e-06 0 0.976953 0.213454 1.74228e-18 0 0 0 
4.87378e-06 1.11607e-06 0 0.974769 0.223218 0 0 0 0 
4.86237e-06 1.16478e-06 0 0.972487 0.232959 0 0 0 0 
4.85048e-06 1.21337e-06 0 0.970107 0.242677 0 0 0 0 
4.83809e-06 1.26184e-06 0 0.967631 0.252371 0 0 0 0 
4.82523e-06 1.31018e-06 0 0.965057 0.262039 1.74228e-18 0 0 0 
4.81188e-06 1.35839e-06 0 0.962387 0.271681 0 0 0 0 
4.79804e-06 1.40646e-06 0 0.959621 0.281296 0 0 0 0 
4.78373e-06 1.4544e-06 0 0.956759 0.290883 -1.74228e-18 0 0 0 
4.76894e-06 1.50218e-06 0 0.9538 0.300441 0 0 0 0 
4.75367e-06 1.54982e-06 0 0.950747 0.309968 -1.74228e-18 0 0 0 
4.73793e-06 1.5973e-06 0 0.947598 0.319465 0 0 0 0 
4.72171e-06 1.64463e-06 0 0.944354 0.32893 0 0 0 0 
4.70502e-06 1.69179e-06 0 0.941016 0.338361 0 0 0 0 
4.68786e-06 1.73877e-06 0 0.937584 0.347759 1.74228e-18 0 0 0 
4.67023e-06 1.78559e-06 0 0.934058 0.357122 0 0 0 0 
4.65213e-06 1.83222e-06 0 0.930438 0.366449 0 0 0 0 
4.63357e-06 1.87868e-06 0 0.926725 0.37574 -1.74228e-18 0 0 0 
4.61454e-06 1.92494e-06 0 0.922919 0.384993 -3.48455e-18 0 0 0 
4.59505e-06 1.97101e-06 0 0.919021 0.394208 0 0 0 0 
4.5751e-06 2.01689e-06 0 0.915031 0.403383 0 0 0 0 
4.55469e-06 2.06256e-06 0 0.91095 0.412517 0 0 0 0 
4.53383e-06 2.10803e-06 0 0.906777 0.42161 0 0 0 0 
4.51251e-06 2.15328e-06 0 0.902513 0.430662 0 0 0 0 
4.49074e-06 2.19832e-06 0 0.89816 0.43967 0 0 0 0 
4.46852e-06 2.24314e-06 0 0.893716 0.448634 0 0 0 0 
4.44586e-06 2.28773e-06 0 0.889183 0.457553 0 0 0 0 
4.42275e-06 2.3321e-06 0 0.88456 0.466426 0 0 0 0 
4.39919e-06 2.37623e-06 0 0.879849 0.475253 0 0 0 0 
4.3752e-06 2.42013e-06 0 0.875051 0.484032 0 0 0 0 
4.35077e-06 2.46378e-06 0 0.870164 0.492762 0 0 0 0 
4.3259e-06 2.50719e-06 0 0.86519 0.501443 0 0 0 0 
4.3006e-06 2.55034e-06 0 0.86013 0.510074 0 0 0 0 
4.27487e-06 2.59324e-06 0 0.854984 0.518654 0 0 0 0 
4.24871e-06 2.63588e-06 0 0.849752 0.527183 0 0 0 0 
4.22212e-06 2.67826e-06 0 0.844435 0.535658 0 0 0 0 
4.19512e-06 2.72036e-06 0 0.839034 0.54408 0 0 0 0 
4.16769e-06 2.7622e-06 0 0.833548 0.552447 -3.48455e-18 0 0 0 
4.13984e-06 2.80376e-06 0 0.827979 0.560759 0 0 0 0 
4.11159e-06 2.84504e-06 0 0.822328 0.569014 0 0 0 0 
4.08292e-06 2.88603e-06 0 0.816593 0.577213 0 0 0 0 
4.05384e-06 2.92674e-06 0 0.810778 0.585354 3.48455e-18 0 0 0 
4.02435e-06 2.96715e-06 0 0.804881 0.593437 0 0 0 0 
3.99447e-06 3.00726e-06 0 0.798903 0.60146 -3.48455e-18 0 0 0 
3.96418e-06 3.04708e-06 0 0.792845 0.609423 0 0 0 0 
3.93349e-06 3.08658e-06 0 0.786709 0.617325 0 0 0 0 
3.90242e-06 3.12578e-06 0 0.780493 0.625165 0 0 0 0 
3.87095e-06 3.16467e-06 0 0.774199 0.632942 3.48455e-18 0 0 0 
3.83909e-06 3.20324e-06 0 0.767828 0.640656 0 0 0 0 
3.80685e-06 3.24149e-06 0 0.76138 0.648306 0 0 0 0 
3.77423e-06 3.27942e-06 0 0.754855 0.655891 0 0 0 0 
3.74123e-06 3.31701e-06 0 0.748256 0.663411 -3.48455e-18 0 0 0 
3.70786e-06 3.35428e-06 0 0.741581 0.670864 -3.48455e-18 0 0 0 
3.67411e-06 3.39121e-06 0 0.734832 0.67825 0 0 0 0 
3.64e-06 3.42779e-06 0 0.728009 0.685567 0 0 0 0 
3.60552e-06 3.46404e-06 0 0.721114 0.692817 -3.48455e-18 0 0 0 
3.57068e-06 3.49994e-06 0 0.714146 0.699997 0 0 0 0 
3.53549e-06 3.53549e-06 0 0.707107 0.707107 0 0 0 0 
3.49994e-06 3.57068e-06 0 0.699997 0.714146 -3.48455e-18 0 0 0 
3.46404e-06 3.60552e-06 0 0.692817 0.721114 3.48455e-18 0 0 0 
3.42779e-06 3.64e-06 0 0.685567 0.728009 3.48455e-18 0 0 0 
3.39121e-06 3.67411e-06 0 0.67825 0.734832 0 0 0 0 
3.35428e-06 3.70786e-06 0 0.670864 0.741581 0 0 0 0 
3.31701e-06 3.74123e-06 0 0.663411 0.748256 3.48455e-18 0 0 0 
3.27942e-06 3.77423e-06 0 0.655891 0.754855 0 0 0 0 
3.24149e-06 3.80685e-06 0 0.648306 0.76138 0 0 0 0 
3.20324e-06 3.83909e-06 0 0.640656 0.767828 0 0 0 0 
3.16467e-06 3.87095e-06 0 0.632942 0.774199 -3.48455e-18 0 0 0 
3.12578e-06 3.90242e-06 0 0.625165 0.780493 0 0 0 0 
3.08658e-06 3.93349e-06 0 0.617325 0.786709 0 0 0 0 
3.04708e-06 3.96418e-06 0 0.609423 0.792845 0 0 0 0 
3.00726e-06 3.99447e-06 0 0.60146 0.798903 3.48455e-18 0 0 0 
2.96715e-06 4.02435e-06 0 0.593437 0.804881 0 0 0 0 
2.92674e-06 4.05384e-06 0 0.585354 0.810778 -3.48455e-18 0 0 0 
2.88603e-06 4.08292e-06 0 0.577213 0.816593 0 0 0 0 
2.84504e-06 4.11159e-06 0 0.569014 0.822328 0 0 0 0 
2.80376e-06 4.13984e-06 0 0.560759 0.827979 0 0 0 0 
2.7622e-06 4.16769e-06 0 0.552447 0.833548 3.48455e-18 0 0 0 
2.72036e-06 4.19512e-06 0 0.54408 0.839034 0 0 0 0 
2.67826e-06 4.22212e-06 0 0.535658 0.844435 0 0 0 0 
2.63588e-06 4.24871e-06 0 0.527183 0.849752 -3.48455e-18 0 0 0 
2.59324e-06 4.27487e-06 0 0.518654 0.854984 0 0 0 0 
2.55034e-06 4.3006e-06 0 0.510074 0.86013 0 0 0 0 
2.50719e-06 4.3259e-06 0 0.501443 0.86519 0 0 0 0 
2.46378e-06 4.35077e-06 0 0.492762 0.870164 0 0 0 0 
2.42013e-06 4.3752e-06 0 0.484032 0.875051 0 0 0 0 
2.37623e-06 4.39919e-06 0 0.475253 0.879849 0 0 0 0 
2.3321e-06 4.42275e-06 0 0.466426 0.88456 0 0 0 0 
2.28773e-06 4.44586e-06 0 0.457553 0.889183 0 0 0 0 
2.24314e-06 4.46852e-06 0 0.448634 0.893716 0 0 0 0 
2.19832e-06 4.49074e-06 0 0.43967 0.89816 0 0 0 0 
2.15328e-06 4.51251e-06 0 0.430662 0.902513 0 0 0 0 
2.10803e-06 4.53383e-06 0 0.42161 0.906777 0 0 0 0 
2.06256e-06 4.55469e-06 0 0.412517 0.91095 0 0 0 0 
2.01689e-06 4.5751e-06 0 0.403383 0.915031 0 0 0 0 
1.97101e-06 4.59505e-06 0 0.394208 0.919021 0 0 0 0 
1.92494e-06 4.61454e-06 0 0.384993 0.922919 3.48455e-18 0 0 0 
1.87868e-06 4.63357e-06 0 0.37574 0.926725 1.74228e-18 0 0 0 
1.83222e-06 4.65213e-06 0 0.366449 0.930438 0 0 0 0 
1.78559e-06 4.67023e-06 0 0.357122 0.934058 0 0 0 0 
1.73877e-06 4.68786e-06 0 0.347759 0.937584 -1.74228e-18 0 0 0 
1.69179e-06 4.70502e-06 0 0.338361 0.941016 0 0 0 0 
1.64463e-06 4.72171e-06 0 0.32893 0.944354 1.74228e-18 0 0 0 
1.5973e-06 4.73793e-06 0 0.319465 0.947598 0 0 0 0 
1.54982e-06 4.75367e-06 0 0.309968 0.950747 1.74228e-18 0 0 0 
1.50218e-06 4.76894e-06 0 0.300441 0.9538 0 0 0 0 
1.4544e-06 4.78373e-06 0 0.290883 0.956759 1.74228e-18 0 0 0 
1.40646e-06 4.79804e-06 0 0.281296 0.959621 0 0 0 0 
1.35839e-06 4.81188e-06 0 0.271681 0.962387 0 0 0 0 
1.31018e-06 4.82523e-06 0 0.262039 0.965057 -1.74228e-18 0 0 0 
1.26184e-06 4.83809e-06 0 0.252371 0.967631 0 0 0 0 
1.21337e-06 4.85048e-06 0 0.242677 0.970107 0 0 0 0 
1.16478e-06 4.86237e-06 0 0.232959 0.972487 0 0 0 0 
1.11607e-06 4.87378e-06 0 0.223218 0.974769 0 0 0 0 
1.06726e-06 4.8847e-06 0 0.213454 0.976953 -1.74228e-18 0 0 0 
1.01833e-06 4.89514e-06 0 0.203669 0.97904 0 0 0 0 
9.69306e-07 4.90508e-06 0 0.193864 0.981029 0 0 0 0 
9.20182e-07 4.91453e-06 0 0.184039 0.982919 0 0 0 0 
8.70967e-07 4.92349e-06 0 0.174196 0.984711 8.71138e-19 0 0 0 
8.21664e-07 4.93196e-06 0 0.164335 0.986405 0 0 0 0 
7.72279e-07 4.93994e-06 0 0.154458 0.987999 8.71138e-19 0 0 0 
7.22817e-07 4.94741e-06 0 0.144565 0.989495 0 0 0 0 
6.73282e-07 4.9544e-06 0 0.134658 0.990892 0 0 0 0 
6.2368e-07 4.96089e-06 0 0.124738 0.99219 0 0 0 0 
5.74016e-07 4.96688e-06 0 0.114805 0.993388 0 0 0 0 
5.24294e-07 4.97237e-06 0 0.10486 0.994487 8.71138e-19 0 0 0 
4.7452e-07 4.97737e-06 0 0.0949051 0.995486 0 0 0 0 
4.24698e-07 4.98187e-06 0 0.0849407 0.996386 0 0 0 0 
3.74834e-07 4.98587e-06 0 0.0749676 0.997186 0 0 0 0 
3.24932e-07 4.98937e-06 0 0.0649871 0.997886 0 0 0 0 
2.74997e-07 4.99237e-06 0 0.0550001 0.998486 4.35569e-19 0 0 0 
2.25035e-07 4.99487e-06 0 0.0450076 0.998987 -4.35569e-19 0 0 0 
1.75051e-07 4.99687e-06 0 0.0350106 0.999387 0 0 0 0 
1.25049e-07 4.99837e-06 0 0.0250101 0.999687 0 0 0 0 
7.50343e-08 4.99937e-06 0 0.015007 0.999887 -1.08892e-19 0 0 0 
2.50123e-08 4.99987e-06 0 0.00500252 0.999987 -2.72231e-20 0 0 0 
-2.50123e-08 4.99987e-06 0 -0.00500252 0.999987 -2.72231e-20 0 0 0 
-7.50343e-08 4.99937e-06 0 -0.015007 0.999887 1.08892e-19 0 0 0 
-1.25049e-07 4.99837e-06 0 -0.0250101 0.999687 0 0 0 0 
-1.75051e-07 4.99687e-06 0 -0.0350106 0.999387 0 0 0 0 
-2.25035e-07 4.99487e-06 0 -0.0450076 0.998987 0 0 0 0 
-2.74997e-07 4.99237e-06 0 -0.0550001 0.998486 -4.35569e-19 0 0 0 
-3.24932e-07 4.98937e-06 0 -0.0649871 0.997886 0 0 0 0 
-3.74834e-07 4.98587e-06 0 -0.0749676 0.997186 0 0 0 0 
-4.24698e-07 4.98187e-06 0 -0.0849407 0.996386 0 0 0 0 
-4.7452e-07 4.97737e-06 0 -0.0949051 0.995486 0 0 0 0 
-5.24294e-07 4.97237e-06 0 -0.10486 0.994487 -8.71138e-19 0 0 0 
-5.74016e-07 4.96688e-06 0 -0.114805 0.993388 0 0 0 0 
-6.2368e-07 4.96089e-06 0 -0.124738 0.99219 0 0 0 0 
-6.73282e-07 4.9544e-06 0 -0.134658 0.990892 0 0 0 0 
-7.22817e-07 4.94741e-06 0 -0.144565 0.989495 0 0 0 0 
-7.72279e-07 4.93994e-06 0 -0.154458 0.987999 -8.71138e-19 0 0 0 
-8.21664e-07 4.93196e-06 0 -0.164335 0.986405 8.71138e-19 0 0 0 
-8.70967e-07 4.92349e-06 0 -0.174196 0.984711 0 0 0 0 
-9.20182e-07 4.91453e-06 0 -0.184039 0.982919 0 0 0 0 
-9.69306e-07 4.90508e-06 0 -0.193864 0.981029 0 0 0 0 
-1.01833e-06 4.89514e-06 0 -0.203669 0.97904 0 0 0 0 
-1.06726e-06 4.8847e-06 0 -0.213454 0.976953 1.74228e-18 0 0 0 
-1.11607e-06 4.87378e-06 0 -0.223218 0.974769 0 0 0 0 
-1.16478e-06 4.86237e-06 0 -0.232959 0.972487 0 0 0 0 
-1.21337e-06 4.85048e-06 0 -0.242677 0.970107 0 0 0 0 
-1.26184e-06 4.83809e-06 0 -0.252371 0.967631 0 0 0 0 
-1.31018e-06 4.82523e-06 0 -0.262039 0.965057 1.74228e-18 0 0 0 
-1.35839e-06 4.81188e-06 0 -0.271681 0.962387 0 0 0 0 
-1.40646e-06 4.79804e-06 0 -0.281296 0.959621 0 0 0 0 
-1.4544e-06 4.78373e-06 0 -0.290883 0.956759 -1.74228e-18 0 0 0 
-1.50218e-06 4.76894e-06 0 -0.300441 0.9538 0 0 0 0 
-1.54982e-06 4.75367e-06 0 -0.309968 0.950747 -1.74228e-18 0 0 0 
-1.5973e-06 4.73793e-06 0 -0.319465 0.947598 0 0 0 0 
-1.64463e-06 4.72171e-06 0 -0.32893 0.944354 0 0 0 0 
-1.69179e-06 4.70502e-06 0 -0.338361 0.941016 0 0 0 0 
-1.73877e-06 4.68786e-06 0 -0.347759 0.937584 1.74228e-18 0 0 0 
-1.78559e-06 4.67023e-06 0 -0.357122 0.934058 0 0 0 0 
-1.83222e-06 4.65213e-06 0 -0.366449 0.930438 0 0 0 0 
-1.87868e-06 4.63357e-06 0 -0.37574 0.926725 -1.74228e-18 0 0 0 
-1.92494e-06 4.61454e-06 0 -0.384993 0.922919 -3.48455e-18 0 0 0 
-1.97101e-06 4.59505e-06 0 -0.394208 0.919021 0 0 0 0 
-2.01689e-06 4.5751e-06 0 -0.403383 0.915031 0 0 0 0 
-2.06256e-06 4.55469e-06 0 -0.412517 0.91095 0 0 0 0 
-2.10803e-06 4.53383e-06 0 -0.42161 0.906777 0 0 0 0 
-2.15328e-06 4.51251e-06 0 -0.430662 0.902513 0 0 0 0 
-2.19832e-06 4.49074e-06 0 -0.43967 0.89816 0 0 0 0 
-2.24314e-06 4.46852e-06 0 -0.448634 0.893716 0 0 0 0 
-2.28773e-06 4.44586e-06 0 -0.457553 0.889183 0 0 0 0 
-2.3321e-06 4.42275e-06 0 -0.466426 0.88456 0 0 0 0 
-2.37623e-06 4.39919e-06 0 -0.475253 0.879849 0 0 0 0 
-2.42013e-06 4.3752e-06 0 -0.484032 0.875051 0 0 0 0 
-2.46378e-06 4.35077e-06 0 -0.492762 0.870164 0 0 0 0 
-2.50719e-06 4.3259e-06 0 -0.501443 0.86519 0 0 0 0 
-2.55034e-06 4.3006e-06 0 -0.510074 0.86013 0 0 0 0 
-2.59324e-06 4.27487e-06 0 -0.518654 0.854984 0 0 0 0 
-2.63588e-06 4.24871e-06 0 -0.527183 0.849752 0 0 0 0 
-2.67826e-06 4.22212e-06 0 -0.535658 0.844435 0 0 0 0 
-2.72036e-06 4.19512e-06 0 -0.54408 0.839034 0 0 0 0 
-2.7622e-06 4.16769e-06 0 -0.552447 0.833548 -3.48455e-18 0 0 0 
-2.80376e-06 4.13984e-06 0 -0.560759 0.827979 0 0 0 0 
-2.84504e-06 4.11159e-06 0 -0.569014 0.822328 0 0 0 0 
-2.88603e-06 4.08292e-06 0 -0.577213 0.816593 0 0 0 0 
-2.92674e-06 4.05384e-06 0 -0.585354 0.810778 3.48455e-18 0 0 0 
-2.96715e-06 4.02435e-06 0 -0.593437 0.804881 0 0 0 0 
-3.00726e-06 3.99447e-06 0 -0.60146 0.798903 -3.48455e-18 0 0 0 
-3.04708e-06 3.96418e-06 0 -0.609423 0.792845 0 0 0 0 
-3.08658e-06 3.93349e-06 0 -0.617325 0.786709 0 0 0 0 
-3.12578e-06 3.90242e-06 0 -0.625165 0.780493 0 0 0 0 
-3.16467e-06 3.87095e-06 0 -0.632942 0.774199 3.48455e-18 0 0 0 
-3.20324e-06 3.83909e-06 0 -0.640656 0.767828 0 0 0 0 
-3.24149e-06 3.80685e-06 0 -0.648306 0.76138 0 0 0 0 
-3.27942e-06 3.77423e-06 0 -0.655891 0.754855 0 0 0 0 
-3.31701e-06 3.74123e-06 0 -0.663411 0.748256 -3.48455e-18 0 0 0 
-3.35428e-06 3.70786e-06 0 -0.670864 0.741581 -3.48455e-18 0 0 0 
-3.39121e-06 3.67411e-06 0 -0.67825 0.734832 0 0 0 0 
-3.42779e-06 3.64e-06 0 -0.685567 0.728009 0 0 0 0 
-3.46404e-06 3.60552e-06 0 -0.692817 0.721114 -3.48455e-18 0 0 0 
-3.49994e-06 3.57068e-06 0 -0.699997 0.714146 0 0 0 0 
-3.53549e-06 3.53549e-06 0 -0.707107 0.707107 0 0 0 0 
-3.57068e-06 3.49994e-06 0 -0.714146 0.699997 -3.48455e-18 0 0 0 
-3.60552e-06 3.46404e-06 0 -0.721114 0.692817 3.48455e-18 0 0 0 
-3.64e-06 3.42779e-06 0 -0.728009 0.685567 3.48455e-18 0 0 0 
-3.67411e-06 3.39121e-06 0 -0.734832 0.67825 0 0 0 0 
-3.70786e-06 3.35428e-06 0 -0.741581 0.670864 0 0 0 0 
-3.74123e-06 3.31701e-06 0 -0.748256 0.663411 3.48455e-18 0 0 0 
-3.77423e-06 3.27942e-06 0 -0.754855 0.655891 0 0 0 0 
-3.80685e-06 3.24149e-06 0 -0.76138 0.648306 0 0 0 0 
-3.83909e-06 3.20324e-06 0 -0.767828 0.640656 0 0 0 0 
-3.87095e-06 3.16467e-06 0 -0.774199 0.632942 -3.48455e-18 0 0 0 
-3.90242e-06 3.12578e-06 0 -0.780493 0.625165 0 0 0 0 
-3.93349e-06 3.08658e-06 0 -0.786709 0.617325 0 0 0 0 
-3.96418e-06 3.04708e-06 0 -0.792845 0.609423 0 0 0 0 
-3.99447e-06 3.00726e-06 0 -0.798903 0.60146 3.48455e-18 0 0 0 
-4.02435e-06 2.96715e-06 0 -0.804881 0.593437 0 0 0 0 
-4.05384e-06 2.92674e-06 0 -0.810778 0.585354 -3.48455e-18 0 0 0 
-4.08292e-06 2.88603e-06 0 -0.816593 0.577213 0 0 0 0 
-4.11159e-06 2.84504e-06 0 -0.822328 0.569014 0 0 0 0 
-4.13984e-06 2.80376e-06 0 -0.827979 0.560759 0 0 0 0 
-4.16769e-06 2.7622e-06 0 -0.833548 0.552447 3.48455e-18 0 0 0 
-4.19512e-06 2.72036e-06 0 -0.839034 0.54408 0 0 0 0 
-4.22212e-06 2.67826e-06 0 -0.844435 0.535658 0 0 0 0 
-4.24871e-06 2.63588e-06 0 -0.849752 0.527183 -3.48455e-18 0 0 0 
-4.27487e-06 2.59324e-06 0 -0.854984 0.518654 0 0 0 0 
-4.3006e-06 2.55034e-06 0 -0.86013 0.510074 0 0 0 0 
-4.3259e-06 2.50719e-06 0 -0.86519 0.501443 0 0 0 0 
-4.35077e-06 2.46378e-06 0 -0.870164 0.492762 0 0 0 0 
-4.3752e-06 2.42013e-06 0 -0.875051 0.484032 0 0 0 0 
-4.39919e-06 2.37623e-06 0 -0.879849 0.475253 0 0 0 0 
-4.42275e-06 2.3321e-06 0 -0.88456 0.466426 0 0 0 0 
-4.44586e-06 2.28773e-06 0 -0.889183 0.457553 0 0 0 0 
-4.46852e-06 2.24314e-06 0 -0.893716 0.448634 0 0 0 0 
-4.49074e-06 2.19832e-06 0 -0.89816 0.43967 0 0 0 0 
-4.51251e-06 2.15328e-06 0 -0.902513 0.430662 0 0 0 0 
-4.53383e-06 2.10803e-06 0 -0.906777 0.42161 0 0 0 0 
-4.55469e-06 2.06256e-06 0 -0.91095 0.412517 0 0 0 0 
-4.5751e-06 2.01689e-06 0 -0.915031 0.403383 0 0 0 0 
-4.59505e-06 1.97101e-06 0 -0.919021 0.394208 0 0 0 0 
-4.61454e-06 1.92494e-06 0 -0.922919 0.384993 3.48455e-18 0 0 0 
-4.63357e-06 1.87868e-06 0 -0.926725 0.37574 1.74228e-18 0 0 0 
-4.65213e-06 1.83222e-06 0 -0.930438 0.366449 0 0 0 0 
-4.67023e-06 1.78559e-06 0 -0.934058 0.357122 0 0 0 0 
-4.68786e-06 1.73877e-06 0 -0.937584 0.347759 -1.74228e-18 0 0 0 
-4.70502e-06 1.69179e-06 0 -0.941016 0.338361 0 0 0 0 
-4.72171e-06 1.64463e-06 0 -0.944354 0.32893 1.74228e-18 0 0 0 
-4.73793e-06 1.5973e-06 0 -0.947598 0.319465 0 0 0 0 
-4.75367e-06 1.54982e-06 0 -0.950747 0.309968 1.74228e-18 0 0 0 
-4.76894e-06 1.50218e-06 0 -0.9538 0.300441 0 0 0 0 
-4.78373e-06 1.4544e-06 0 -0.956759 0.290883 1.74228e-18 0 0 0 
-4.79804e-06 1.40646e-06 0 -0.959621 0.281296 0 0 0 0 
-4.81188e-06 1.35839e-06 0 -0.962387 0.271681 0 0 0 0 
-4.82523e-06 1.31018e-06 0 -0.965057 0.262039 -1.74228e-18 0 0 0 
-4.83809e-06 1.26184e-06 0 -0.967631 0.252371 0 0 0 0 
-4.85048e-06 1.21337e-06 0 -0.970107 0.242677 0 0 0 0 
-4.86237e-06 1.16478e-06 0 -0.972487 0.232959 0 0 0 0 
-4.87378e-06 1.11607e-06 0 -0.974769 0.223218 0 0 0 0 
-4.8847e-06 1.06726e-06 0 -0.976953 0.213454 -1.74228e-18 0 0 0 
-4.89514e-06 1.01833e-06 0 -0.97904 0.203669 0 0 0 0 
-4.90508e-06 9.69306e-07 0 -0.981029 0.193864 0 0 0 0 
-4.91453e-06 9.20182e-07 0 -0.982919 0.184039 0 0 0 0 
-4.92349e-06 8.70967e-07 0 -0.984711 0.174196 8.71138e-19 0 0 0 
-4.93196e-06 8.21664e-07 0 -0.986405 0.164335 0 0 0 0 
-4.93994e-06 7.72279e-07 0 -0.987999 0.154458 8.71138e-19 0 0 0 
-4.94741e-06 7.22817e-07 0 -0.989495 0.144565 0 0 0 0 
-4.9544e-06 6.73282e-07 0 -0.990892 0.134658 0 0 0 0 
-4.96089e-06 6.2368e-07 0 -0.99219 0.124738 0 0 0 0 
-4.96688e-06 5.74016e-07 0 -0.993388 0.114805 0 0 0 0 
-4.97237e-06 5.24294e-07 0 -0.994487 0.10486 8.71138e-19 0 0 0 
-4.97737e-06 4.7452e-07 0 -0.995486 0.0949051 0 0 0 0 
-4.98187e-06 4.24698e-07 0 -0.996386 0.0849407 0 0 0 0 
-4.98587e-06 3.74834e-07 0 -0.997186 0.0749676 0 0 0 0 
-4.98937e-06 3.24932e-07 0 -0.997886 0.0649871 0 0 0 0 
-4.99237e-06 2.74997e-07 0 -0.998486 0.0550001 4.35569e-19 0 0 0 
-4.99487e-06 2.25035e-07 0 -0.998987 0.0450076 -4.35569e-19 0 0 0 
-4.99687e-06 1.75051e-07 0 -0.999387 0.0350106 0 0 0 0 
-4.99837e-06 1.25049e-07 0 -0.999687 0.0250101 0 0 0 0 
-4.99937e-06 7.50343e-08 0 -0.999887 0.015007 -1.08892e-19 0 0 0 
-4.99987e-06 2.50123e-08 0 -0.999987 0.00500252 2.72231e-20 0 0 0 
-4.99987e-06 -2.50123e-08 0 -0.999987 -0.00500252 2.72231e-20 0 0 0 
-4.99937e-06 -7.50343e-08 0 -0.999887 -0.015007 1.08892e-19 0 0 0 
-4.99837e-06 -1.25049e-07 0 -0.999687 -0.0250101 0 0 0 0 
-4.99687e-06 -1.75051e-07 0 -0.999387 -0.0350106 0 0 0 0 
-4.99487e-06 -2.25035e-07 0 -0.998987 -0.0450076 0 0 0 0 
-4.99237e-06 -2.74997e-07 0 -0.998486 -0.0550001 -4.35569e-19 0 0 0 
-4.98937e-06 -3.24932e-07 0 -0.997886 -0.0649871 0 0 0 0 
-4.98587e-06 -3.74834e-07 0 -0.997186 -0.0749676 0 0 0 0 
-4.98187e-06 -4.24698e-07 0 -0.996386 -0.0849407 0 0 0 0 
-4.97737e-06 -4.7452e-07 0 -0.995486 -0.0949051 0 0 0 0 
-4.97237e-06 -5.24294e-07 0 -0.994487 -0.10486 -8.71138e-19 0 0 0 
-4.96688e-06 -5.74016e-07 0 -0.993388 -0.114805 0 0 0 0 
-4.96089e-06 -6.2368e-07 0 -0.99219 -0.124738 0 0 0 0 
-4.9544e-06 -6.73282e-07 0 -0.990892 -0.134658 0 0 0 0 
-4.94741e-06 -7.22817e-07 0 -0.989495 -0.144565 0 0 0 0 
-4.93994e-06 -7.72279e-07 0 -0.987999 -0.154458 -8.71138e-19 0 0 0 
-4.93196e-06 -8.21664e-07 0 -0.986405 -0.164335 8.71138e-19 0 0 0 
-4.92349e-06 -8.70967e-07 0 -0.984711 -0.174196 0 0 0 0 
-4.91453e-06 -9.20182e-07 0 -0.982919 -0.184039 0 0 0 0 
-4.90508e-06 -9.69306e-07 0 -0.981029 -0.193864 0 0 0 0 
-4.89514e-06 -1.01833e-06 0 -0.97904 -0.203669 0 0 0 0 
-4.8847e-06 -1.06726e-06 0 -0.976953 -0.213454 1.74228e-18 0 0 0 
-4.87378e-06 -1.11607e-06 0 -0.974769 -0.223218 0 0 0 0 
-4.86237e-06 -1.16478e-06 0 -0.972487 -0.232959 0 0 0 0 
-4.85048e-06 -1.21337e-06 0 -0.970107 -0.242677 0 0 0 0 
-4.83809e-06 -1.26184e-06 0 -0.967631 -0.252371 0 0 0 0 
-4.82523e-06 -1.31018e-06 0 -0.965057 -0.262039 1.74228e-18 0 0 0 
-4.81188e-06 -1.35839e-06 0 -0.962387 -0.271681 0 0 0 0 
-4.79804e-06 -1.40646e-06 0 -0.959621 -0.281296 0 0 0 0 
-4.78373e-06 -1.4544e-06 0 -0.956759 -0.290883 -1.74228e-18 0 0 0 
-4.76894e-06 -1.50218e-06 0 -0.9538 -0.300441 0 0 0 0 
-4.75367e-06 -1.54982e-06 0 -0.950747 -0.309968 -1.74228e-18 0 0 0 
-4.73793e-06 -1.5973e-06 0 -0.947598 -0.319465 0 0 0 0 
-4.72171e-06 -1.64463e-06 0 -0.944354 -0.32893 0 0 0 0 
-4.70502e-06 -1.69179e-06 0 -0.941016 -0.338361 0 0 0 0 
-4.68786e-06 -1.73877e-06 0 -0.937584 -0.347759 1.74228e-18 0 0 0 
-4.67023e-06 -1.78559e-06 0 -0.934058 -0.357122 0 0 0 0 
-4.65213e-06 -1.83222e-06 0 -0.930438 -0.366449 0 0 0 0 
-4.63357e-06 -1.87868e-06 0 -0.926725 -0.37574 -1.74228e-18 0 0 0 
-4.61454e-06 -1.92494e-06 0 -0.922919 -0.384993 -3.48455e-18 0 0 0 
-4.59505e-06 -1.97101e-06 0 -0.919021 -0.394208 0 0 0 0 
-4.5751e-06 -2.01689e-06 0 -0.915031 -0.403383 0 0 0 0 
-4.55469e-06 -2.06256e-06 0 -0.91095 -0.412517 0 0 0 0 
-4.53383e-06 -2.10803e-06 0 -0.906777 -0.42161 0 0 0 0 
-4.51251e-06 -2.15328e-06 0 -0.902513 -0.430662 0 0 0 0 
-4.49074e-06 -2.19832e-06 0 -0.89816 -0.43967 0 0 0 0 
-4.46852e-06 -2.24314e-06 0 -0.893716 -0.448634 0 0 0 0 
-4.44586e-06 -2.28773e-06 0 -0.889183 -0.457553 0 0 0 0 
-4.42275e-06 -2.3321e-06 0 -0.88456 -0.466426 0 0 0 0 
-4.39919e-06 -2.37623e-06 0 -0.879849 -0.475253 0 0 0 0 
-4.3752e-06 -2.42013e-06 0 -0.875051 -0.484032 0 0 0 0 
-4.35077e-06 -2.46378e-06 0 -0.870164 -0.492762 0 0 0 0 
-4.3259e-06 -2.50719e-06 0 -0.86519 -0.501443 0 0 0 0 
-4.3006e-06 -2.55034e-06 0 -0.86013 -0.510074 0 0 0 0 
-4.27487e-06 -2.59324e-06 0 -0.854984 -0.518654 0 0 0 0 
-4.24871e-06 -2.63588e-06 0 -0.849752 -0.527183 0 0 0 0 
-4.22212e-06 -2.67826e-06 0 -0.844435 -0.535658 0 0 0 0 
-4.19512e-06 -2.72036e-06 0 -0.839034 -0.54408 0 0 0 0 
-4.16769e-06 -2.7622e-06 0 -0.833548 -0.552447 -3.48455e-18 0 0 0 
-4.13984e-06 -2.80376e-06 0 -0.827979 -0.560759 0 0 0 0 
-4.11159e-06 -2.84504e-06 0 -0.822328 -0.569014 0 0 0 0 
-4.08292e-06 -2.88603e-06 0 -0.816593 -0.577213 0 0 0 0 
-4.05384e-06 -2.92674e-06 0 -0.810778 -0.585354 3.48455e-18 0 0 0 
-4.02435e-06 -2.96715e-06 0 -0.804881 -0.593437 0 0 0 0 
-3.99447e-06 -3.00726e-06 0 -0.798903 -0.60146 -3.48455e-18 0 0 0 
-3.96418e-06 -3.04708e-06 0 -0.792845 -0.609423 0 0 0 0 
-3.93349e-06 -3.08658e-06 0 -0.786709 -0.617325 0 0 0 0 
-3.90242e-06 -3.12578e-06 0 -0.780493 -0.625165 0 0 0 0 
-3.87095e-06 -3.16467e-06 0 -0.774199 -0.632942 3.48455e-18 0 0 0 
-3.83909e-06 -3.20324e-06 0 -0.767828 -0.640656 0 0 0 0 
-3.80685e-06 -3.24149e-06 0 -0.76138 -0.648306 0 0 0 0 
-3.77423e-06 -3.27942e-06 0 -0.754855 -0.655891 0 0 0 0 
-3.74123e-06 -3.31701e-06 0 -0.748256 -0.663411 -3.48455e-18 0 0 0 
-3.70786e-06 -3.35428e-06 0 -0.741581 -0.670864 -3.48455e-18 0 0 0 
-3.67411e-06 -3.39121e-06 0 -0.734832 -0.67825 0 0 0 0 
-3.64e-06 -3.42779e-06 0 -0.728009 -0.685567 0 0 0 0 
-3.60552e-06 -3.46404e-06 0 -0.721114 -0.692817 -3.48455e-18 0 0 0 
-3.57068e-06 -3.49994e-06 0 -0.714146 -0.699997 0 0 0 0 
-3.53549e-06 -3.53549e-06 0 -0.707107 -0.707107 0 0 0 0 
-3.49994e-06 -3.57068e-06 0 -0.699997 -0.714146 -3.48455e-18 0 0 0 
-3.46404e-06 -3.60552e-06 0 -0.692817 -0.721114 3.48455e-18 0 0 0 
-3.42779e-06 -3.64e-06 0 -0.685567 -0.728009 3.48455e-18 0 0 0 
-3.39121e-06 -3.67411e-06 0 -0.67825 -0.734832 0 0 0 0 
-3.35428e-06 -3.70786e-06 0 -0.670864 -0.741581 0 0 0 0 
-3.31701e-06 -3.74123e-06 0 -0.663411 -0.748256 3.48455e-18 0 0 0 
-3.27942e-06 -3.77423e-06 0 -0.655891 -0.754855 0 0 0 0 
-3.24149e-06 -3.80685e-06 0 -0.648306 -0.76138 0 0 0 0 
-3.20324e-06 -3.83909e-06 0 -0.640656 -0.767828 0 0 0 0 
-3.16467e-06 -3.87095e-06 0 -0.632942 -0.774199 -3.48455e-18 0 0 0 
-3.12578e-06 -3.90242e-06 0 -0.625165 -0.780493 0 0 0 0 
-3.08658e-06 -3.93349e-06 0 -0.617325 -0.786709 0 0 0 0 
-3.04708e-06 -3.96418e-06 0 -0.609423 -0.792845 0 0 0 0 
-3.00726e-06 -3.99447e-06 0 -0.60146 -0.798903 3.48455e-18 0 0 0 
-2.96715e-06 -4.02435e-06 0 -0.593437 -0.804881 0 0 0 0 
-2.92674e-06 -4.05384e-06 0 -0.585354 -0.810778 -3.48455e-18 0 0 0 
-2.88603e-06 -4.08292e-06 0 -0.577213 -0.816593 0 0 0 0 
-2.84504e-06 -4.11159e-06 0 -0.569014 -0.822328 0 0 0 0 
-2.80376e-06 -4.13984e-06 0 -0.560759 -0.827979 0 0 0 0 
-2.7622e-06 -4.16769e-06 0 -0.552447 -0.833548 3.48455e-18 0 0 0 
-2.72036e-06 -4.19512e-06 0 -0.54408 -0.839034 0 0 0 0 
-2.67826e-06 -4.22212e-06 0 -0.535658 -0.844435 0 0 0 0 
-2.63588e-06 -4.24871e-06 0 -0.527183 -0.849752 -3.48455e-18 0 0 0 
-2.59324e-06 -4.27487e-06 0 -0.518654 -0.854984 0 0 0 0 
-2.55034e-06 -4.3006e-06 0 -0.510074 -0.86013 0 0 0 0 
-2.50719e-06 -4.3259e-06 0 -0.501443 -0.86519 0 0 0 0 
-2.46378e-06 -4.35077e-06 0 -0.492762 -0.870164 0 0 0 0 
-2.42013e-06 -4.3752e-06 0 -0.484032 -0.875051 0 0 0 0 
-2.37623e-06 -4.39919e-06 0 -0.475253 -0.879849 0 0 0 0 
-2.3321e-06 -4.42275e-06 0 -0.466426 -0.88456 0 0 0 0 
-2.28773e-06 -4.44586e-06 0 -0.457553 -0.889183 0 0 0 0 
-2.24314e-06 -4.46852e-06 0 -0.448634 -0.893716 0 0 0 0 
-2.19832e-06 -4.49074e-06 0 -0.43967 -0.89816 0 0 0 0 
-2.15328e-06 -4.51251e-06 0 -0.430662 -0.902513 0 0 0 0 
-2.10803e-06 -4.53383e-06 0 -0.42161 -0.906777 0 0 0 0 
-2.06256e-06 -4.55469e-06 0 -0.412517 -0.91095 0 0 0 0 
-2.01689e-06 -4.5751e-06 0 -0.403383 -0.915031 0 0 0 0 
-1.97101e-06 -4.59505e-06 0 -0.394208 -0.919021 0 0 0 0 
-1.92494e-06 -4.61454e-06 0 -0.384993 -0.922919 3.48455e-18 0 0 0 
-1.87868e-06 -4.63357e-06 0 -0.37574 -0.926725 1.74228e-18 0 0 0 
-1.83222e-06 -4.65213e-06 0 -0.366449 -0.930438 0 0 0 0 
-1.78559e-06 -4.67023e-06 0 -0.357122 -0.934058 0 0 0 0 
-1.73877e-06 -4.68786e-06 0 -0.347759 -0.937584 -1.74228e-18 0 0 0 
-1.69179e-06 -4.70502e-06 0 -0.338361 -0.941016 0 0 0 0 
-1.64463e-06 -4.72171e-06 0 -0.32893 -0.944354 1.74228e-18 0 0 0 
-1.5973e-06 -4.73793e-06 0 -0.319465 -0.947598 0 0 0 0 
-1.54982e-06 -4.75367e-06 0 -0.309968 -0.950747 1.74228e-18 0 0 0 
-1.50218e-06 -4.76894e-06 0 -0.300441 -0.9538 0 0 0 0 
-1.4544e-06 -4.78373e-06 0 -0.290883 -0.956759 1.74228e-18 0 0 0 
-1.40646e-06 -4.79804e-06 0 -0.281296 -0.959621 0 0 0 0 
-1.35839e-06 -4.81188e-06 0 -0.271681 -0.962387 0 0 0 0 
-1.31018e-06 -4.82523e-06 0 -0.262039 -0.965057 -1.74228e-18 0 0 0 
-1.26184e-06 -4.83809e-06 0 -0.252371 -0.967631 0 0 0 0 
-1.21337e-06 -4.85048e-06 0 -0.242677 -0.970107 0 0 0 0 
-1.16478e-06 -4.86237e-06 0 -0.232959 -0.972487 0 0 0 0 
-1.11607e-06 -4.87378e-06 0 -0.223218 -0.974769 0 0 0 0 
-1.06726e-06 -4.8847e-06 0 -0.213454 -0.976953 -1.74228e-18 0 0 0 
-1.01833e-06 -4.89514e-06 0 -0.203669 -0.97904 0 0 0 0 
-9.69306e-07 -4.90508e-06 0 -0.193864 -0.981029 0 0 0 0 
-9.20182e-07 -4.91453e-06 0 -0.184039 -0.982919 0 0 0 0 
-8.70967e-07 -4.92349e-06 0 -0.174196 -0.984711 8.71138e-19 0 0 0 
-8.21664e-07 -4.93196e-06 0 -0.164335 -0.986405 0 0 0 0 
-7.72279e-07 -4.93994e-06 0 -0.154458 -0.987999 8.71138e-19 0 0 0 
-7.22817e-07 -4.94741e-06 0 -0.144565 -0.989495 0 0 0 0 
-6.73282e-07 -4.9544e-06 0 -0.134658 -0.990892 0 0 0 0 
-6.2368e-07 -4.96089e-06 0 -0.124738 -0.99219 0 0 0 0 
-5.74016e-07 -4.96688e-06 0 -0.114805 -0.993388 0 0 0 0 
-5.24294e-07 -4.97237e-06 0 -0.10486 -0.994487 8.71138e-19 0 0 0 
-4.7452e-07 -4.97737e-06 0 -0.0949051 -0.995486 0 0 0 0 
-4.24698e-07 -4.98187e-06 0 -0.0849407 -0.996386 0 0 0 0 
-3.74834e-07 -4.98587e-06 0 -0.0749676 -0.997186 0 0 0 0 
-3.24932e-07 -4.98937e-06 0 -0.0649871 -0.997886 0 0 0 0 
-2.74997e-07 -4.99237e-06 0 -0.0550001 -0.998486 4.35569e-19 0 0 0 
-2.25035e-07 -4.99487e-06 0 -0.0450076 -0.998987 -4.35569e-19 0 0 0 
-1.75051e-07 -4.99687e-06 0 -0.0350106 -0.999387 0 0 0 0 
-1.25049e-07 -4.99837e-06 0 -0.0250101 -0.999687 0 0 0 0 
-7.50343e-08 -4.99937e-06 0 -0.015007 -0.999887 -1.08892e-19 0 0 0 
-2.50123e-08 -4.99987e-06 0 -0.00500252 -0.999987 0 0 0 0 
2.50123e-08 -4.99987e-06 0 0.00500252 -0.999987 0 0 0 0 
7.50343e-08 -4.99937e-06 0 0.015007 -0.999887 1.08892e-19 0 0 0 
1.25049e-07 -4.99837e-06 0 0.0250101 -0.999687 0 0 0 0 
1.75051e-07 -4.99687e-06 0 0.0350106 -0.999387 0 0 0 0 
2.25035e-07 -4.99487e-06 0 0.0450076 -0.998987 0 0 0 0 
2.74997e-07 -4.99237e-06 0 0.0550001 -0.998486 -4.35569e-19 0 0 0 
3.24932e-07 -4.98937e-06 0 0.0649871 -0.997886 0 0 0 0 
3.74834e-07 -4.98587e-06 0 0.0749676 -0.997186 0 0 0 0 
4.24698e-07 -4.98187e-06 0 0.0849407 -0.996386 0 0 0 0 
4.7452e-07 -4.97737e-06 0 0.0949051 -0.995486 0 0 0 0 
5.24294e-07 -4.97237e-06 0 0.10486 -0.994487 -8.71138e-19 0 0 0 
5.74016e-07 -4.96688e-06 0 0.114805 -0.993388 0 0 0 0 
6.2368e-07 -4.96089e-06 0 0.124738 -0.99219 0 0 0 0 
6.73282e-07 -4.9544e-06 0 0.134658 -0.990892 0 0 0 0 
7.22817e-07 -4.94741e-06 0 0.144565 -0.989495 0 0 0 0 
7.72279e-07 -4.93994e-06 0 0.154458 -0.987999 -8.71138e-19 0 0 0 
8.21664e-07 -4.93196e-06 0 0.164335 -0.986405 8.71138e-19 0 0 0 
8.70967e-07 -4.92349e-06 0 0.174196 -0.984711 0 0 0 0 
9.20182e-07 -4.91453e-06 0 0.184039 -0.982919 0 0 0 0 
9.69306e-07 -4.90508e-06 0 0.193864 -0.981029 0 0 0 0 
1.01833e-06 -4.89514e-06 0 0.203669 -0.97904 0 0 0 0 
1.06726e-06 -4.8847e-06 0 0.213454 -0.976953 1.74228e-18 0 0 0 
1.11607e-06 -4.87378e-06 0 0.223218 -0.974769 0 0 0 0 
1.16478e-06 -4.86237e-06 0 0.232959 -0.972487 0 0 0 0 
1.21337e-06 -4.85048e-06 0 0.242677 -0.970107 0 0 0 0 
1.26184e-06 -4.83809e-06 0 0.252371 -0.967631 0 0 0 0 
1.31018e-06 -4.82523e-06 0 0.262039 -0.965057 1.74228e-18 0 0 0 
1.35839e-06 -4.81188e-06 0 0.271681 -0.962387 0 0 0 0 
1.40646e-06 -4.79804e-06 0 0.281296 -0.959621 0 0 0 0 
1.4544e-06 -4.78373e-06 0 0.290883 -0.956759 -1.74228e-18 0 0 0 
1.50218e-06 -4.76894e-06 0 0.300441 -0.9538 0 0 0 0 
1.54982e-06 -4.75367e-06 0 0.309968 -0.950747 -1.74228e-18 0 0 0 
1.5973e-06 -4.73793e-06 0 0.319465 -0.947598 0 0 0 0 
1.64463e-06 -4.72171e-06 0 0.32893 -0.944354 0 0 0 0 
1.69179e-06 -4.70502e-06 0 0.338361 -0.941016 0 0 0 0 
1.73877e-06 -4.68786e-06 0 0.347759 -0.937584 1.74228e-18 0 0 0 
1.78559e-06 -4.67023e-06 0 0.357122 -0.934058 0 0 0 0 
1.83222e-06 -4.65213e-06 0 0.366449 -0.930438 0 0 0 0 
1.87868e-06 -4.63357e-06 0 0.37574 -0.926725 -1.74228e-18 0 0 0 
1.92494e-06 -4.61454e-06 0 0.384993 -0.922919 -3.48455e-18 0 0 0 
1.97101e-06 -4.59505e-06 0 0.394208 -0.919021 0 0 0 0 
2.01689e-06 -4.5751e-06 0 0.403383 -0.915031 0 0 0 0 
2.06256e-06 -4.55469e-06 0 0.412517 -0.91095 0 0 0 0 
2.10803e-06 -4.53383e-06 0 0.42161 -0.906777 0 0 0 0 
2.15328e-06 -4.51251e-06 0 0.430662 -0.902513 0 0 0 0 
2.19832e-06 -4.49074e-06 0 0.43967 -0.89816 0 0 0 0 
2.24314e-06 -4.46852e-06 0 0.448634 -0.893716 0 0 0 0 
2.28773e-06 -4.44586e-06 0 0.457553 -0.889183 0 0 0 0 
2.3321e-06 -4.42275e-06 0 0.466426 -0.88456 0 0 0 0 
2.37623e-06 -4.39919e-06 0 0.475253 -0.879849 0 0 0 0 
2.42013e-06 -4.3752e-06 0 0.484032 -0.875051 0 0 0 0 
2.46378e-06 -4.35077e-06 0 0.492762 -0.870164 0 0 0 0 
2.50719e-06 -4.3259e-06 0 0.501443 -0.86519 0 0 0 0 
2.55034e-06 -4.3006e-06 0 0.510074 -0.86013 0 0 0 0 
2.59324e-06 -4.27487e-06 0 0.518654 -0.854984 0 0 0 0 
2.63588e-06 -4.24871e-06 0 0.527183 -0.849752 0 0 0 0 
2.67826e-06 -4.22212e-06 0 0.535658 -0.844435 0 0 0 0 
2.72036e-06 -4.19512e-06 0 0.54408 -0.839034 0 0 0 0 
2.7622e-06 -4.16769e-06 0 0.552447 -0.833548 -3.48455e-18 0 0 0 
2.80376e-06 -4.13984e-06 0 0.560759 -0.827979 0 0 0 0 
2.84504e-06 -4.11159e-06 0 0.569014 -0.822328 0 0 0 0 
2.88603e-06 -4.08292e-06 0 0.577213 -0.816593 0 0 0 0 
2.92674e-06 -4.05384e-06 0 0.585354 -0.810778 3.48455e-18 0 0 0 
2.96715e-06 -4.02435e-06 0 0.593437 -0.804881 0 0 0 0 
3.00726e-06 -3.99447e-06 0 0.60146 -0.798903 -3.48455e-18 0 0 0 
3.04708e-06 -3.96418e-06 0 0.609423 -0.792845 0 0 0 0 
3.08658e-06 -3.93349e-06 0 0.617325 -0.786709 0 0 0 0 
3.12578e-06 -3.90242e-06 0 0.625165 -0.780493 0 0 0 0 
3.16467e-06 -3.87095e-06 0 0.632942 -0.774199 3.48455e-18 0 0 0 
3.20324e-06 -3.83909e-06 0 0.640656 -0.767828 0 0 0 0 
3.24149e-06 -3.80685e-06 0 0.648306 -0.76138 0 0 0 0 
3.27942e-06 -3.77423e-06 0 0.655891 -0.754855 0 0 0 0 
3.31701e-06 -3.74123e-06 0 0.663411 -0.748256 -3.48455e-18 0 0 0 
3.35428e-06 -3.70786e-06 0 0.670864 -0.741581 -3.48455e-18 0 0 0 
3.39121e-06 -3.67411e-06 0 0.67825 -0.734832 0 0 0 0 
3.42779e-06 -3.64e-06 0 0.685567 -0.728009 0 0 0 0 
3.46404e-06 -3.60552e-06 0 0.692817 -0.721114 -3.48455e-18 0 0 0 
3.49994e-06 -3.57068e-06 0 0.699997 -0.714146 0 0 0 0 
3.53549e-06 -3.53549e-06 0 0.707107 -0.707107 0 0 0 0 
3.57068e-06 -3.49994e-06 0 0.714146 -0.699997 -3.48455e-18 0 0 0 
3.60552e-06 -3.46404e-06 0 0.721114 -0.692817 3.48455e-18 0 0 0 
3.64e-06 -3.42779e-06 0 0.728009 -0.685567 3.48455e-18 0 0 0 
3.67411e-06 -3.39121e-06 0 0.734832 -0.67825 0 0 0 0 
3.70786e-06 -3.35428e-06 0 0.741581 -0.670864 0 0 0 0 
3.74123e-06 -3.31701e-06 0 0.748256 -0.663411 3.48455e-18 0 0 0 
3.77423e-06 -3.27942e-06 0 0.754855 -0.655891 0 0 0 0 
3.80685e-06 -3.24149e-06 0 0.76138 -0.648306 0 0 0 0 
3.83909e-06 -3.20324e-06 0 0.767828 -0.640656 0 0 0 0 
3.87095e-06 -3.16467e-06 0 0.774199 -0.632942 -3.48455e-18 0 0 0 
3.90242e-06 -3.12578e-06 0 0.780493 -0.625165 0 0 0 0 
3.93349e-06 -3.08658e-06 0 0.786709 -0.617325 0 0 0 0 
3.96418e-06 -3.04708e-06 0 0.792845 -0.609423 0 0 0 0 
3.99447e-06 -3.00726e-06 0 0.798903 -0.60146 3.48455e-18 0 0 0 
4.02435e-06 -2.96715e-06 0 0.804881 -0.593437 0 0 0 0 
4.05384e-06 -2.92674e-06 0 0.810778 -0.585354 -3.48455e-18 0 0 0 
4.08292e-06 -2.88603e-06 0 0.816593 -0.577213 0 0 0 0 
4.11159e-06 -2.84504e-06 0 0.822328 -0.569014 0 0 0 0 
4.13984e-06 -2.80376e-06 0 0.827979 -0.560759 0 0 0 0 
4.16769e-06 -2.7622e-06 0 0.833548 -0.552447 3.48455e-18 0 0 0 
4.19512e-06 -2.72036e-06 0 0.839034 -0.54408 0 0 0 0 
4.22212e-06 -2.67826e-06 0 0.844435 -0.535658 0 0 0 0 
4.24871e-06 -2.63588e-06 0 0.849752 -0.527183 -3.48455e-18 0 0 0 
4.27487e-06 -2.59324e-06 0 0.854984 -0.518654 0 0 0 0 
4.3006e-06 -2.55034e-06 0 0.86013 -0.510074 0 0 0 0 
4.3259e-06 -2.50719e-06 0 0.86519 -0.501443 0 0 0 0 
4.35077e-06 -2.46378e-06 0 0.870164 -0.492762 0 0 0 0 
4.3752e-06 -2.42013e-06 0 0.875051 -0.484032 0 0 0 0 
4.39919e-06 -2.37623e-06 0 0.879849 -0.475253 0 0 0 0 
4.42275e-06 -2.3321e-06 0 0.88456 -0.466426 0 0 0 0 
4.44586e-06 -2.28773e-06 0 0.889183 -0.457553 0 0 0 0 
4.46852e-06 -2.24314e-06 0 0.893716 -0.448634 0 0 0 0 
4.49074e-06 -2.19832e-06 0 0.89816 -0.43967 0 0 0 0 
4.51251e-06 -2.15328e-06 0 0.902513 -0.430662 0 0 0 0 
4.53383e-06 -2.10803e-06 0 0.906777 -0.42161 0 0 0 0 
4.55469e-06 -2.06256e-06 0 0.91095 -0.412517 0 0 0 0 
4.5751e-06 -2.01689e-06 0 0.915031 -0.403383 0 0 0 0 
4.59505e-06 -1.97101e-06 0 0.919021 -0.394208 0 0 0 0 
4.61454e-06 -1.92494e-06 0 0.922919 -0.384993 3.48455e-18 0 0 0 
4.63357e-06 -1.87868e-06 0 0.926725 -0.37574 1.74228e-18 0 0 0 
4.65213e-06 -1.83222e-06 0 0.930438 -0.366449 0 0 0 0 
4.67023e-06 -1.78559e-06 0 0.934058 -0.357122 0 0 0 0 
4.68786e-06 -1.73877e-06 0 0.937584 -0.347759 -1.74228e-18 0 0 0 
4.70502e-06 -1.69179e-06 0 0.941016 -0.338361 0 0 0 0 
4.72171e-06 -1.64463e-06 0 0.944354 -0.32893 1.74228e-18 0 0 0 
4.73793e-06 -1.5973e-06 0 0.947598 -0.319465 0 0 0 0 
4.75367e-06 -1.54982e-06 0 0.950747 -0.309968 1.74228e-18 0 0 0 
4.76894e-06 -1.50218e-06 0 0.9538 -0.300441 0 0 0 0 
4.78373e-06 -1.4544e-06 0 0.956759 -0.290883 1.74228e-18 0 0 0 
4.79804e-06 -1.40646e-06 0 0.959621 -0.281296 0 0 0 0 
4.81188e-06 -1.35839e-06 0 0.962387 -0.271681 0 0 0 0 
4.82523e-06 -1.31018e-06 0 0.965057 -0.262039 -1.74228e-18 0 0 0 
4.83809e-06 -1.26184e-06 0 0.967631 -0.252371 0 0 0 0 
4.85048e-06 -1.21337e-06 0 0.970107 -0.242677 0 0 0 0 
4.86237e-06 -1.16478e-06 0 0.972487 -0.232959 0 0 0 0 
4.87378e-06 -1.11607e-06 0 0.974769 -0.223218 0 0 0 0 
4.8847e-06 -1.06726e-06 0 0.976953 -0.213454 -1.74228e-18 0 0 0 
4.89514e-06 -1.01833e-06 0 0.97904 -0.203669 0 0 0 0 
4.90508e-06 -9.69306e-07 0 0.981029 -0.193864 0 0 0 0 
4.91453e-06 -9.20182e-07 0 0.982919 -0.184039 0 0 0 0 
4.92349e-06 -8.70967e-07 0 0.984711 -0.174196 8.71138e-19 0 0 0 
4.93196e-06 -8.21664e-07 0 0.986405 -0.164335 0 0 0 0 
4.93994e-06 -7.72279e-07 0 0.987999 -0.154458 8.71138e-19 0 0 0 
4.94741e-06 -7.22817e-07 0 0.989495 -0.144565 0 0 0 0 
4.9544e-06 -6.73282e-07 0 0.990892 -0.134658 0 0 0 0 
4.96089e-06 -6.2368e-07 0 0.99219 -0.124738 0 0 0 0 
4.96688e-06 -5.74016e-07 0 0.993388 -0.114805 0 0 0 0 
4.97237e-06 -5.24294e-07 0 0.994487 -0.10486 8.71138e-19 0 0 0 
4.97737e-06 -4.7452e-07 0 0.995486 -0.0949051 0 0 0 0 
4.98187e-06 -4.24698e-07 0 0.996386 -0.0849407 0 0 0 0 
4.98587e-06 -3.74834e-07 0 0.997186 -0.0749676 0 0 0 0 
4.98937e-06 -3.24932e-07 0 0.997886 -0.0649871 0 0 0 0 
4.99237e-06 -2.74997e-07 0 0.998486 -0.0550001 4.35569e-19 0 0 0 
4.99487e-06 -2.25035e-07 0 0.998987 -0.0450076 -4.35569e-19 0 0 0 
4.99687e-06 -1.75051e-07 0 0.999387 -0.0350106 0 0 0 0 
4.99837e-06 -1.25049e-07 0 0.999687 -0.0250101 0 0 0 0 
4.99937e-06 -7.50343e-08 0 0.999887 -0.015007 -1.08892e-19 0 0 0 
