1.81247e-06 -8.45171e-07 0 -0.906308 0.422618 3.49573e-18 0 0 0 
1.79084e-06 -8.90094e-07 0 -0.89549 0.445082 0 0 0 0 
1.83298e-06 -7.99722e-07 0 -0.916562 0.399892 0 0 0 0 
1.76809e-06 -9.34465e-07 0 -0.884115 0.467269 3.49573e-18 0 0 0 
1.85235e-06 -7.53776e-07 0 -0.926247 0.376917 0 0 0 0 
1.74425e-06 -9.78254e-07 0 -0.872191 0.489165 0 0 0 0 
1.87057e-06 -7.07361e-07 0 -0.935356 0.353708 0 0 0 0 
1.71932e-06 -1.02144e-06 0 -0.859725 0.510757 0 0 0 0 
1.88762e-06 -6.60507e-07 0 -0.943883 0.330279 1.74786e-18 0 0 0 
1.69332e-06 -1.06398e-06 0 -0.846724 0.532032 0 0 0 0 
1.9035e-06 -6.13242e-07 0 -0.951824 0.306645 0 0 0 0 
1.9182e-06 -5.65596e-07 0 -0.959173 0.28282 1.74786e-18 0 0 0 
1.9317e-06 -5.17598e-07 0 -0.965926 0.258819 0 0 0 0 
1.94401e-06 -4.69278e-07 0 -0.972078 0.234657 1.74786e-18 0 0 0 
1.9551e-06 -4.20667e-07 0 -0.977626 0.21035 -1.74786e-18 0 0 0 
1.96498e-06 -3.71794e-07 0 -0.982566 0.185912 0 0 0 0 
1.97364e-06 -3.2269e-07 0 -0.986896 0.161358 0 0 0 0 
1.66626e-06 -1.10587e-06 0 -0.833197 0.552976 0 0 0 0 
1.63818e-06 -1.14706e-06 0 -0.819152 0.573576 0 0 0 0 
1.60907e-06 -1.18755e-06 0 -0.804598 0.59382 0 0 0 0 
1.57896e-06 -1.22729e-06 0 -0.789543 0.613695 3.49573e-18 0 0 0 
1.54788e-06 -1.26628e-06 0 -0.773998 0.633188 0 0 0 0 
1.98107e-06 -2.73386e-07 0 -0.990612 0.136704 0 0 0 0 
1.98727e-06 -2.23912e-07 0 -0.993712 0.111964 0 0 0 0 
1.51583e-06 -1.30447e-06 0 -0.757972 0.652287 0 0 0 0 
1.48283e-06 -1.34186e-06 0 -0.741474 0.670981 0 0 0 0 
1.44892e-06 -1.37841e-06 0 -0.724516 0.689258 0 0 0 0 
1.4141e-06 -1.4141e-06 0 -0.707107 0.707107 0 0 0 0 
1.37841e-06 -1.44892e-06 0 -0.689258 0.724516 0 0 0 0 
1.34186e-06 -1.48283e-06 0 -0.670981 0.741474 0 0 0 0 
1.30447e-06 -1.51583e-06 0 -0.652287 0.757972 0 0 0 0 
1.26628e-06 -1.54788e-06 0 -0.633188 0.773998 0 0 0 0 
1.22729e-06 -1.57896e-06 0 -0.613695 0.789543 -3.49573e-18 0 0 0 
1.18755e-06 -1.60907e-06 0 -0.59382 0.804598 0 0 0 0 
1.14706e-06 -1.63818e-06 0 -0.573576 0.819152 0 0 0 0 
1.10587e-06 -1.66626e-06 0 -0.552976 0.833197 0 0 0 0 
1.06398e-06 -1.69332e-06 0 -0.532032 0.846724 0 0 0 0 
1.02144e-06 -1.71932e-06 0 -0.510757 0.859725 0 0 0 0 
9.78254e-07 -1.74425e-06 0 -0.489165 0.872191 0 0 0 0 
9.34465e-07 -1.76809e-06 0 -0.467269 0.884115 -3.49573e-18 0 0 0 
8.90094e-07 -1.79084e-06 0 -0.445082 0.89549 0 0 0 0 
8.45171e-07 -1.81247e-06 0 -0.422618 0.906308 -3.49573e-18 0 0 0 
7.99722e-07 -1.83298e-06 0 -0.399892 0.916562 0 0 0 0 
7.53776e-07 -1.85235e-06 0 -0.376917 0.926247 0 0 0 0 
7.07361e-07 -1.87057e-06 0 -0.353708 0.935356 0 0 0 0 
6.60507e-07 -1.88762e-06 0 -0.330279 0.943883 -1.74786e-18 0 0 0 
6.13242e-07 -1.9035e-06 0 -0.306645 0.951824 0 0 0 0 
5.65596e-07 -1.9182e-06 0 -0.28282 0.959173 -1.74786e-18 0 0 0 
5.17598e-07 -1.9317e-06 0 -0.258819 0.965926 0 0 0 0 
4.69278e-07 -1.94401e-06 0 -0.234657 0.972078 -1.74786e-18 0 0 0 
4.20667e-07 -1.9551e-06 0 -0.21035 0.977626 1.74786e-18 0 0 0 
3.71794e-07 -1.96498e-06 0 -0.185912 0.982566 0 0 0 0 
3.2269e-07 -1.97364e-06 0 -0.161358 0.986896 0 0 0 0 
2.73386e-07 -1.98107e-06 0 -0.136704 0.990612 0 0 0 0 
2.23912e-07 -1.98727e-06 0 -0.111964 0.993712 0 0 0 0 
1.99223e-06 -1.74298e-07 0 -0.996195 0.0871557 4.36966e-19 0 0 0 
1.74298e-07 -1.99223e-06 0 -0.0871557 0.996195 -4.36966e-19 0 0 0 
1.99596e-06 -1.24576e-07 0 -0.998058 0.0622928 0 0 0 0 
1.99845e-06 -7.47766e-08 0 -0.999301 0.0373912 2.18483e-19 0 0 0 
1.99969e-06 -2.49307e-08 0 -0.999922 0.0124663 0 0 0 0 
1.99969e-06 2.49307e-08 0 -0.999922 -0.0124663 0 0 0 0 
1.99845e-06 7.47766e-08 0 -0.999301 -0.0373912 -2.18483e-19 0 0 0 
1.99596e-06 1.24576e-07 0 -0.998058 -0.0622928 0 0 0 0 
1.99223e-06 1.74298e-07 0 -0.996195 -0.0871557 -4.36966e-19 0 0 0 
1.98727e-06 2.23912e-07 0 -0.993712 -0.111964 0 0 0 0 
1.98107e-06 2.73386e-07 0 -0.990612 -0.136704 0 0 0 0 
1.97364e-06 3.2269e-07 0 -0.986896 -0.161358 0 0 0 0 
1.96498e-06 3.71794e-07 0 -0.982566 -0.185912 0 0 0 0 
1.9551e-06 4.20667e-07 0 -0.977626 -0.21035 1.74786e-18 0 0 0 
1.94401e-06 4.69278e-07 0 -0.972078 -0.234657 -1.74786e-18 0 0 0 
1.9317e-06 5.17598e-07 0 -0.965926 -0.258819 0 0 0 0 
1.9182e-06 5.65596e-07 0 -0.959173 -0.28282 -1.74786e-18 0 0 0 
1.9035e-06 6.13242e-07 0 -0.951824 -0.306645 0 0 0 0 
1.88762e-06 6.60507e-07 0 -0.943883 -0.330279 -1.74786e-18 0 0 0 
1.87057e-06 7.07361e-07 0 -0.935356 -0.353708 0 0 0 0 
1.85235e-06 7.53776e-07 0 -0.926247 -0.376917 0 0 0 0 
1.83298e-06 7.99722e-07 0 -0.916562 -0.399892 0 0 0 0 
1.81247e-06 8.45171e-07 0 -0.906308 -0.422618 -3.49573e-18 0 0 0 
1.79084e-06 8.90094e-07 0 -0.89549 -0.445082 0 0 0 0 
1.76809e-06 9.34465e-07 0 -0.884115 -0.467269 -3.49573e-18 0 0 0 
1.74425e-06 9.78254e-07 0 -0.872191 -0.489165 0 0 0 0 
1.71932e-06 1.02144e-06 0 -0.859725 -0.510757 0 0 0 0 
1.69332e-06 1.06398e-06 0 -0.846724 -0.532032 0 0 0 0 
1.66626e-06 1.10587e-06 0 -0.833197 -0.552976 0 0 0 0 
1.63818e-06 1.14706e-06 0 -0.819152 -0.573576 0 0 0 0 
1.60907e-06 1.18755e-06 0 -0.804598 -0.59382 0 0 0 0 
1.57896e-06 1.22729e-06 0 -0.789543 -0.613695 -3.49573e-18 0 0 0 
1.54788e-06 1.26628e-06 0 -0.773998 -0.633188 0 0 0 0 
1.51583e-06 1.30447e-06 0 -0.757972 -0.652287 0 0 0 0 
1.48283e-06 1.34186e-06 0 -0.741474 -0.670981 0 0 0 0 
1.44892e-06 1.37841e-06 0 -0.724516 -0.689258 0 0 0 0 
1.4141e-06 1.4141e-06 0 -0.707107 -0.707107 0 0 0 0 
1.37841e-06 1.44892e-06 0 -0.689258 -0.724516 0 0 0 0 
1.34186e-06 1.48283e-06 0 -0.670981 -0.741474 0 0 0 0 
1.30447e-06 1.51583e-06 0 -0.652287 -0.757972 0 0 0 0 
1.26628e-06 1.54788e-06 0 -0.633188 -0.773998 0 0 0 0 
1.22729e-06 1.57896e-06 0 -0.613695 -0.789543 3.49573e-18 0 0 0 
1.18755e-06 1.60907e-06 0 -0.59382 -0.804598 0 0 0 0 
1.14706e-06 1.63818e-06 0 -0.573576 -0.819152 0 0 0 0 
1.10587e-06 1.66626e-06 0 -0.552976 -0.833197 0 0 0 0 
1.06398e-06 1.69332e-06 0 -0.532032 -0.846724 0 0 0 0 
1.02144e-06 1.71932e-06 0 -0.510757 -0.859725 0 0 0 0 
9.78254e-07 1.74425e-06 0 -0.489165 -0.872191 0 0 0 0 
9.34465e-07 1.76809e-06 0 -0.467269 -0.884115 3.49573e-18 0 0 0 
8.90094e-07 1.79084e-06 0 -0.445082 -0.89549 0 0 0 0 
8.45171e-07 1.81247e-06 0 -0.422618 -0.906308 3.49573e-18 0 0 0 
7.99722e-07 1.83298e-06 0 -0.399892 -0.916562 0 0 0 0 
7.53776e-07 1.85235e-06 0 -0.376917 -0.926247 0 0 0 0 
7.07361e-07 1.87057e-06 0 -0.353708 -0.935356 0 0 0 0 
6.60507e-07 1.88762e-06 0 -0.330279 -0.943883 1.74786e-18 0 0 0 
6.13242e-07 1.9035e-06 0 -0.306645 -0.951824 0 0 0 0 
5.65596e-07 1.9182e-06 0 -0.28282 -0.959173 1.74786e-18 0 0 0 
5.17598e-07 1.9317e-06 0 -0.258819 -0.965926 0 0 0 0 
4.69278e-07 1.94401e-06 0 -0.234657 -0.972078 1.74786e-18 0 0 0 
4.20667e-07 1.9551e-06 0 -0.21035 -0.977626 -1.74786e-18 0 0 0 
3.71794e-07 1.96498e-06 0 -0.185912 -0.982566 0 0 0 0 
3.2269e-07 1.97364e-06 0 -0.161358 -0.986896 0 0 0 0 
2.73386e-07 1.98107e-06 0 -0.136704 -0.990612 0 0 0 0 
2.23912e-07 1.98727e-06 0 -0.111964 -0.993712 0 0 0 0 
1.74298e-07 1.99223e-06 0 -0.0871557 -0.996195 4.36966e-19 0 0 0 
1.24576e-07 -1.99596e-06 0 -0.0622928 0.998058 0 0 0 0 
7.47766e-08 -1.99845e-06 0 -0.0373912 0.999301 -2.18483e-19 0 0 0 
2.49307e-08 -1.99969e-06 0 -0.0124663 0.999922 -1.09241e-19 0 0 0 
-2.49307e-08 -1.99969e-06 0 0.0124663 0.999922 -1.09241e-19 0 0 0 
-7.47766e-08 -1.99845e-06 0 0.0373912 0.999301 2.18483e-19 0 0 0 
-1.24576e-07 -1.99596e-06 0 0.0622928 0.998058 0 0 0 0 
-1.74298e-07 -1.99223e-06 0 0.0871557 0.996195 4.36966e-19 0 0 0 
-2.23912e-07 -1.98727e-06 0 0.111964 0.993712 0 0 0 0 
-2.73386e-07 -1.98107e-06 0 0.136704 0.990612 0 0 0 0 
-3.2269e-07 -1.97364e-06 0 0.161358 0.986896 0 0 0 0 
-3.71794e-07 -1.96498e-06 0 0.185912 0.982566 0 0 0 0 
-4.20667e-07 -1.9551e-06 0 0.21035 0.977626 -1.74786e-18 0 0 0 
-4.69278e-07 -1.94401e-06 0 0.234657 0.972078 1.74786e-18 0 0 0 
-5.17598e-07 -1.9317e-06 0 0.258819 0.965926 0 0 0 0 
-5.65596e-07 -1.9182e-06 0 0.28282 0.959173 1.74786e-18 0 0 0 
-6.13242e-07 -1.9035e-06 0 0.306645 0.951824 0 0 0 0 
-6.60507e-07 -1.88762e-06 0 0.330279 0.943883 1.74786e-18 0 0 0 
-7.07361e-07 -1.87057e-06 0 0.353708 0.935356 0 0 0 0 
-7.53776e-07 -1.85235e-06 0 0.376917 0.926247 0 0 0 0 
-7.99722e-07 -1.83298e-06 0 0.399892 0.916562 0 0 0 0 
-8.45171e-07 -1.81247e-06 0 0.422618 0.906308 3.49573e-18 0 0 0 
-8.90094e-07 -1.79084e-06 0 0.445082 0.89549 0 0 0 0 
-9.34465e-07 -1.76809e-06 0 0.467269 0.884115 3.49573e-18 0 0 0 
-9.78254e-07 -1.74425e-06 0 0.489165 0.872191 0 0 0 0 
-1.02144e-06 -1.71932e-06 0 0.510757 0.859725 0 0 0 0 
-1.06398e-06 -1.69332e-06 0 0.532032 0.846724 0 0 0 0 
-1.10587e-06 -1.66626e-06 0 0.552976 0.833197 0 0 0 0 
-1.14706e-06 -1.63818e-06 0 0.573576 0.819152 0 0 0 0 
-1.18755e-06 -1.60907e-06 0 0.59382 0.804598 0 0 0 0 
-1.22729e-06 -1.57896e-06 0 0.613695 0.789543 3.49573e-18 0 0 0 
-1.26628e-06 -1.54788e-06 0 0.633188 0.773998 0 0 0 0 
-1.30447e-06 -1.51583e-06 0 0.652287 0.757972 0 0 0 0 
-1.34186e-06 -1.48283e-06 0 0.670981 0.741474 0 0 0 0 
-1.37841e-06 -1.44892e-06 0 0.689258 0.724516 0 0 0 0 
-1.4141e-06 -1.4141e-06 0 0.707107 0.707107 0 0 0 0 
-1.44892e-06 -1.37841e-06 0 0.724516 0.689258 0 0 0 0 
-1.48283e-06 -1.34186e-06 0 0.741474 0.670981 0 0 0 0 
-1.51583e-06 -1.30447e-06 0 0.757972 0.652287 0 0 0 0 
-1.54788e-06 -1.26628e-06 0 0.773998 0.633188 0 0 0 0 
-1.57896e-06 -1.22729e-06 0 0.789543 0.613695 -3.49573e-18 0 0 0 
-1.60907e-06 -1.18755e-06 0 0.804598 0.59382 0 0 0 0 
-1.63818e-06 -1.14706e-06 0 0.819152 0.573576 0 0 0 0 
-1.66626e-06 -1.10587e-06 0 0.833197 0.552976 0 0 0 0 
-1.69332e-06 -1.06398e-06 0 0.846724 0.532032 0 0 0 0 
-1.71932e-06 -1.02144e-06 0 0.859725 0.510757 0 0 0 0 
-1.74425e-06 -9.78254e-07 0 0.872191 0.489165 0 0 0 0 
-1.76809e-06 -9.34465e-07 0 0.884115 0.467269 -3.49573e-18 0 0 0 
-1.79084e-06 -8.90094e-07 0 0.89549 0.445082 0 0 0 0 
-1.81247e-06 -8.45171e-07 0 0.906308 0.422618 -3.49573e-18 0 0 0 
-1.83298e-06 -7.99722e-07 0 0.916562 0.399892 0 0 0 0 
-1.85235e-06 -7.53776e-07 0 0.926247 0.376917 0 0 0 0 
-1.87057e-06 -7.07361e-07 0 0.935356 0.353708 0 0 0 0 
-1.88762e-06 -6.60507e-07 0 0.943883 0.330279 -1.74786e-18 0 0 0 
-1.9035e-06 -6.13242e-07 0 0.951824 0.306645 0 0 0 0 
-1.9182e-06 -5.65596e-07 0 0.959173 0.28282 -1.74786e-18 0 0 0 
-1.9317e-06 -5.17598e-07 0 0.965926 0.258819 0 0 0 0 
-1.94401e-06 -4.69278e-07 0 0.972078 0.234657 -1.74786e-18 0 0 0 
-1.9551e-06 -4.20667e-07 0 0.977626 0.21035 1.74786e-18 0 0 0 
-1.96498e-06 -3.71794e-07 0 0.982566 0.185912 0 0 0 0 
-1.97364e-06 -3.2269e-07 0 0.986896 0.161358 0 0 0 0 
-1.98107e-06 -2.73386e-07 0 0.990612 0.136704 0 0 0 0 
-1.98727e-06 -2.23912e-07 0 0.993712 0.111964 0 0 0 0 
-1.99223e-06 -1.74298e-07 0 0.996195 0.0871557 -4.36966e-19 0 0 0 
1.24576e-07 1.99596e-06 0 -0.0622928 -0.998058 0 0 0 0 
7.47766e-08 1.99845e-06 0 -0.0373912 -0.999301 2.18483e-19 0 0 0 
2.49307e-08 1.99969e-06 0 -0.0124663 -0.999922 0 0 0 0 
-2.49307e-08 1.99969e-06 0 0.0124663 -0.999922 0 0 0 0 
-7.47766e-08 1.99845e-06 0 0.0373912 -0.999301 -2.18483e-19 0 0 0 
-1.24576e-07 1.99596e-06 0 0.0622928 -0.998058 0 0 0 0 
-1.74298e-07 1.99223e-06 0 0.0871557 -0.996195 -4.36966e-19 0 0 0 
-2.23912e-07 1.98727e-06 0 0.111964 -0.993712 0 0 0 0 
-2.73386e-07 1.98107e-06 0 0.136704 -0.990612 0 0 0 0 
-3.2269e-07 1.97364e-06 0 0.161358 -0.986896 0 0 0 0 
-3.71794e-07 1.96498e-06 0 0.185912 -0.982566 0 0 0 0 
-4.20667e-07 1.9551e-06 0 0.21035 -0.977626 1.74786e-18 0 0 0 
-4.69278e-07 1.94401e-06 0 0.234657 -0.972078 -1.74786e-18 0 0 0 
-5.17598e-07 1.9317e-06 0 0.258819 -0.965926 0 0 0 0 
-5.65596e-07 1.9182e-06 0 0.28282 -0.959173 -1.74786e-18 0 0 0 
-6.13242e-07 1.9035e-06 0 0.306645 -0.951824 0 0 0 0 
-6.60507e-07 1.88762e-06 0 0.330279 -0.943883 -1.74786e-18 0 0 0 
-7.07361e-07 1.87057e-06 0 0.353708 -0.935356 0 0 0 0 
-7.53776e-07 1.85235e-06 0 0.376917 -0.926247 0 0 0 0 
-7.99722e-07 1.83298e-06 0 0.399892 -0.916562 0 0 0 0 
-8.45171e-07 1.81247e-06 0 0.422618 -0.906308 -3.49573e-18 0 0 0 
-8.90094e-07 1.79084e-06 0 0.445082 -0.89549 0 0 0 0 
-9.34465e-07 1.76809e-06 0 0.467269 -0.884115 -3.49573e-18 0 0 0 
-9.78254e-07 1.74425e-06 0 0.489165 -0.872191 0 0 0 0 
-1.02144e-06 1.71932e-06 0 0.510757 -0.859725 0 0 0 0 
-1.06398e-06 1.69332e-06 0 0.532032 -0.846724 0 0 0 0 
-1.10587e-06 1.66626e-06 0 0.552976 -0.833197 0 0 0 0 
-1.14706e-06 1.63818e-06 0 0.573576 -0.819152 0 0 0 0 
-1.18755e-06 1.60907e-06 0 0.59382 -0.804598 0 0 0 0 
-1.22729e-06 1.57896e-06 0 0.613695 -0.789543 -3.49573e-18 0 0 0 
-1.26628e-06 1.54788e-06 0 0.633188 -0.773998 0 0 0 0 
-1.30447e-06 1.51583e-06 0 0.652287 -0.757972 0 0 0 0 
-1.34186e-06 1.48283e-06 0 0.670981 -0.741474 0 0 0 0 
-1.37841e-06 1.44892e-06 0 0.689258 -0.724516 0 0 0 0 
-1.4141e-06 1.4141e-06 0 0.707107 -0.707107 0 0 0 0 
-1.44892e-06 1.37841e-06 0 0.724516 -0.689258 0 0 0 0 
-1.48283e-06 1.34186e-06 0 0.741474 -0.670981 0 0 0 0 
-1.51583e-06 1.30447e-06 0 0.757972 -0.652287 0 0 0 0 
-1.54788e-06 1.26628e-06 0 0.773998 -0.633188 0 0 0 0 
-1.57896e-06 1.22729e-06 0 0.789543 -0.613695 3.49573e-18 0 0 0 
-1.60907e-06 1.18755e-06 0 0.804598 -0.59382 0 0 0 0 
-1.63818e-06 1.14706e-06 0 0.819152 -0.573576 0 0 0 0 
-1.66626e-06 1.10587e-06 0 0.833197 -0.552976 0 0 0 0 
-1.69332e-06 1.06398e-06 0 0.846724 -0.532032 0 0 0 0 
-1.71932e-06 1.02144e-06 0 0.859725 -0.510757 0 0 0 0 
-1.74425e-06 9.78254e-07 0 0.872191 -0.489165 0 0 0 0 
-1.76809e-06 9.34465e-07 0 0.884115 -0.467269 3.49573e-18 0 0 0 
-1.79084e-06 8.90094e-07 0 0.89549 -0.445082 0 0 0 0 
-1.81247e-06 8.45171e-07 0 0.906308 -0.422618 3.49573e-18 0 0 0 
-1.83298e-06 7.99722e-07 0 0.916562 -0.399892 0 0 0 0 
-1.85235e-06 7.53776e-07 0 0.926247 -0.376917 0 0 0 0 
-1.87057e-06 7.07361e-07 0 0.935356 -0.353708 0 0 0 0 
-1.88762e-06 6.60507e-07 0 0.943883 -0.330279 1.74786e-18 0 0 0 
-1.9035e-06 6.13242e-07 0 0.951824 -0.306645 0 0 0 0 
-1.9182e-06 5.65596e-07 0 0.959173 -0.28282 1.74786e-18 0 0 0 
-1.9317e-06 5.17598e-07 0 0.965926 -0.258819 0 0 0 0 
-1.94401e-06 4.69278e-07 0 0.972078 -0.234657 1.74786e-18 0 0 0 
-1.9551e-06 4.20667e-07 0 0.977626 -0.21035 -1.74786e-18 0 0 0 
-1.96498e-06 3.71794e-07 0 0.982566 -0.185912 0 0 0 0 
-1.97364e-06 3.2269e-07 0 0.986896 -0.161358 0 0 0 0 
-1.98107e-06 2.73386e-07 0 0.990612 -0.136704 0 0 0 0 
-1.98727e-06 2.23912e-07 0 0.993712 -0.111964 0 0 0 0 
-1.99223e-06 1.74298e-07 0 0.996195 -0.0871557 4.36966e-19 0 0 0 
-1.99596e-06 1.24576e-07 0 0.998058 -0.0622928 0 0 0 0 
-1.99845e-06 7.47766e-08 0 0.999301 -0.0373912 2.18483e-19 0 0 0 
-1.99969e-06 2.49307e-08 0 0.999922 -0.0124663 0 0 0 0 
-1.99969e-06 -2.49307e-08 0 0.999922 0.0124663 -1.09241e-19 0 0 0 
-1.99845e-06 -7.47766e-08 0 0.999301 0.0373912 -2.18483e-19 0 0 0 
-1.99596e-06 -1.24576e-07 0 0.998058 0.0622928 0 0 0 0 
-5e-06 -4.975e-06 0 -1 0 0 0 0 0 
-4.975e-06 -5e-06 0 0 -1 0 0 0 0 
-4.975e-06 5e-06 0 0 1 0 0 0 0 
-5e-06 4.975e-06 0 -1 0 0 0 0 0 
4.975e-06 -5e-06 0 0 -1 0 0 0 0 
5e-06 -4.975e-06 0 1 0 0 0 0 0 
5e-06 4.975e-06 0 1 0 0 0 0 0 
4.975e-06 5e-06 0 0 1 0 0 0 0 
-4.925e-06 5e-06 0 0 1 0 0 0 0 
-5e-06 4.925e-06 0 -1 0 0 0 0 0 
4.925e-06 -5e-06 0 0 -1 0 0 0 0 
5e-06 -4.925e-06 0 1 0 0 0 0 0 
5e-06 4.925e-06 0 1 0 0 0 0 0 
4.925e-06 5e-06 0 0 1 0 0 0 0 
-5e-06 -4.925e-06 0 -1 0 0 0 0 0 
-4.925e-06 -5e-06 0 0 -1 0 0 0 0 
-4.875e-06 5e-06 0 0 1 0 0 0 0 
-5e-06 4.875e-06 0 -1 0 0 0 0 0 
4.875e-06 -5e-06 0 0 -1 0 0 0 0 
5e-06 -4.875e-06 0 1 0 0 0 0 0 
5e-06 4.875e-06 0 1 0 0 0 0 0 
4.875e-06 5e-06 0 0 1 0 0 0 0 
-5e-06 -4.875e-06 0 -1 0 0 0 0 0 
-4.875e-06 -5e-06 0 0 -1 0 0 0 0 
-4.825e-06 5e-06 0 0 1 0 0 0 0 
-5e-06 4.825e-06 0 -1 0 0 0 0 0 
4.825e-06 -5e-06 0 0 -1 0 0 0 0 
5e-06 -4.825e-06 0 1 0 0 0 0 0 
5e-06 4.825e-06 0 1 0 0 0 0 0 
4.825e-06 5e-06 0 0 1 0 0 0 0 
-5e-06 -4.825e-06 0 -1 0 0 0 0 0 
-4.825e-06 -5e-06 0 0 -1 0 0 0 0 
-4.775e-06 5e-06 0 0 1 0 0 0 0 
5e-06 -4.775e-06 0 1 0 0 0 0 0 
-5e-06 4.775e-06 0 -1 0 0 0 0 0 
4.775e-06 -5e-06 0 0 -1 0 0 0 0 
5e-06 4.775e-06 0 1 0 0 0 0 0 
4.775e-06 5e-06 0 0 1 0 0 0 0 
-5e-06 -4.775e-06 0 -1 0 0 0 0 0 
-4.775e-06 -5e-06 0 0 -1 0 0 0 0 
-4.725e-06 5e-06 0 0 1 0 0 0 0 
5e-06 -4.725e-06 0 1 0 0 0 0 0 
5e-06 4.725e-06 0 1 0 0 0 0 0 
4.725e-06 5e-06 0 0 1 0 0 0 0 
-5e-06 4.725e-06 0 -1 0 0 0 0 0 
4.725e-06 -5e-06 0 0 -1 0 0 0 0 
-5e-06 -4.725e-06 0 -1 0 0 0 0 0 
-4.725e-06 -5e-06 0 0 -1 0 0 0 0 
-4.675e-06 5e-06 0 0 1 0 0 0 0 
5e-06 -4.675e-06 0 1 0 0 0 0 0 
5e-06 4.675e-06 0 1 0 0 0 0 0 
4.675e-06 5e-06 0 0 1 0 0 0 0 
-5e-06 4.675e-06 0 -1 0 0 0 0 0 
4.675e-06 -5e-06 0 0 -1 0 0 0 0 
-4.675e-06 -5e-06 0 0 -1 0 0 0 0 
-5e-06 -4.675e-06 0 -1 0 0 0 0 0 
-4.625e-06 5e-06 0 0 1 0 0 0 0 
5e-06 -4.625e-06 0 1 0 0 0 0 0 
5e-06 4.625e-06 0 1 0 0 0 0 0 
4.625e-06 5e-06 0 0 1 0 0 0 0 
-5e-06 4.625e-06 0 -1 0 0 0 0 0 
4.625e-06 -5e-06 0 0 -1 0 0 0 0 
-4.625e-06 -5e-06 0 0 -1 0 0 0 0 
-5e-06 -4.625e-06 0 -1 0 0 0 0 0 
-4.575e-06 5e-06 0 0 1 0 0 0 0 
5e-06 -4.575e-06 0 1 0 0 0 0 0 
5e-06 4.575e-06 0 1 0 0 0 0 0 
4.575e-06 5e-06 0 0 1 0 0 0 0 
4.575e-06 -5e-06 0 0 -1 0 0 0 0 
-5e-06 4.575e-06 0 -1 0 0 0 0 0 
-5e-06 -4.575e-06 0 -1 0 0 0 0 0 
-4.575e-06 -5e-06 0 0 -1 0 0 0 0 
-4.525e-06 5e-06 0 0 1 0 0 0 0 
5e-06 -4.525e-06 0 1 0 0 0 0 0 
5e-06 4.525e-06 0 1 0 0 0 0 0 
4.525e-06 5e-06 0 0 1 0 0 0 0 
4.525e-06 -5e-06 0 0 -1 0 0 0 0 
-5e-06 4.525e-06 0 -1 0 0 0 0 0 
-5e-06 -4.525e-06 0 -1 0 0 0 0 0 
-4.525e-06 -5e-06 0 0 -1 0 0 0 0 
-4.475e-06 5e-06 0 0 1 0 0 0 0 
5e-06 -4.475e-06 0 1 0 0 0 0 0 
5e-06 4.475e-06 0 1 0 0 0 0 0 
4.475e-06 5e-06 0 0 1 0 0 0 0 
4.475e-06 -5e-06 0 0 -1 0 0 0 0 
-5e-06 4.475e-06 0 -1 0 0 0 0 0 
-5e-06 -4.475e-06 0 -1 0 0 0 0 0 
-4.475e-06 -5e-06 0 0 -1 0 0 0 0 
-4.425e-06 5e-06 0 0 1 0 0 0 0 
5e-06 -4.425e-06 0 1 0 0 0 0 0 
5e-06 4.425e-06 0 1 0 0 0 0 0 
4.425e-06 5e-06 0 0 1 0 0 0 0 
-5e-06 4.425e-06 0 -1 0 0 0 0 0 
4.425e-06 -5e-06 0 0 -1 0 0 0 0 
-5e-06 -4.425e-06 0 -1 0 0 0 0 0 
-4.425e-06 -5e-06 0 0 -1 0 0 0 0 
-4.375e-06 5e-06 0 0 1 0 0 0 0 
5e-06 -4.375e-06 0 1 0 0 0 0 0 
5e-06 4.375e-06 0 1 0 0 0 0 0 
4.375e-06 5e-06 0 0 1 0 0 0 0 
-5e-06 4.375e-06 0 -1 0 0 0 0 0 
4.375e-06 -5e-06 0 0 -1 0 0 0 0 
-5e-06 -4.375e-06 0 -1 0 0 0 0 0 
-4.375e-06 -5e-06 0 0 -1 0 0 0 0 
-4.325e-06 5e-06 0 0 1 0 0 0 0 
5e-06 -4.325e-06 0 1 0 0 0 0 0 
5e-06 4.325e-06 0 1 0 0 0 0 0 
4.325e-06 5e-06 0 0 1 0 0 0 0 
-5e-06 4.325e-06 0 -1 0 0 0 0 0 
4.325e-06 -5e-06 0 0 -1 0 0 0 0 
-5e-06 -4.325e-06 0 -1 0 0 0 0 0 
-4.325e-06 -5e-06 0 0 -1 0 0 0 0 
-4.275e-06 5e-06 0 0 1 0 0 0 0 
5e-06 -4.275e-06 0 1 0 0 0 0 0 
5e-06 4.275e-06 0 1 0 0 0 0 0 
4.275e-06 5e-06 0 0 1 0 0 0 0 
-5e-06 4.275e-06 0 -1 0 0 0 0 0 
4.275e-06 -5e-06 0 0 -1 0 0 0 0 
-5e-06 -4.275e-06 0 -1 0 0 0 0 0 
-4.275e-06 -5e-06 0 0 -1 0 0 0 0 
-4.225e-06 5e-06 0 0 1 0 0 0 0 
5e-06 -4.225e-06 0 1 0 0 0 0 0 
5e-06 4.225e-06 0 1 0 0 0 0 0 
4.225e-06 5e-06 0 0 1 0 0 0 0 
-5e-06 4.225e-06 0 -1 0 0 0 0 0 
4.225e-06 -5e-06 0 0 -1 0 0 0 0 
-4.225e-06 -5e-06 0 0 -1 0 0 0 0 
-5e-06 -4.225e-06 0 -1 0 0 0 0 0 
-4.175e-06 5e-06 0 0 1 0 0 0 0 
5e-06 -4.175e-06 0 1 0 0 0 0 0 
5e-06 4.175e-06 0 1 0 0 0 0 0 
4.175e-06 5e-06 0 0 1 0 0 0 0 
-5e-06 4.175e-06 0 -1 0 0 0 0 0 
4.175e-06 -5e-06 0 0 -1 0 0 0 0 
-4.175e-06 -5e-06 0 0 -1 0 0 0 0 
-5e-06 -4.175e-06 0 -1 0 0 0 0 0 
-4.125e-06 5e-06 0 0 1 0 0 0 0 
5e-06 -4.125e-06 0 1 0 0 0 0 0 
5e-06 4.125e-06 0 1 0 0 0 0 0 
4.125e-06 5e-06 0 0 1 0 0 0 0 
-5e-06 4.125e-06 0 -1 0 0 0 0 0 
4.125e-06 -5e-06 0 0 -1 0 0 0 0 
-4.125e-06 -5e-06 0 0 -1 0 0 0 0 
-5e-06 -4.125e-06 0 -1 0 0 0 0 0 
5e-06 -4.075e-06 0 1 0 0 0 0 0 
-4.075e-06 5e-06 0 0 1 0 0 0 0 
5e-06 4.075e-06 0 1 0 0 0 0 0 
4.075e-06 5e-06 0 0 1 0 0 0 0 
-5e-06 4.075e-06 0 -1 0 0 0 0 0 
4.075e-06 -5e-06 0 0 -1 0 0 0 0 
-4.075e-06 -5e-06 0 0 -1 0 0 0 0 
-5e-06 -4.075e-06 0 -1 0 0 0 0 0 
5e-06 -4.025e-06 0 1 0 0 0 0 0 
-4.025e-06 5e-06 0 0 1 0 0 0 0 
5e-06 4.025e-06 0 1 0 0 0 0 0 
4.025e-06 5e-06 0 0 1 0 0 0 0 
-5e-06 4.025e-06 0 -1 0 0 0 0 0 
4.025e-06 -5e-06 0 0 -1 0 0 0 0 
-4.025e-06 -5e-06 0 0 -1 0 0 0 0 
-5e-06 -4.025e-06 0 -1 0 0 0 0 0 
5e-06 -3.975e-06 0 1 0 0 0 0 0 
-3.975e-06 5e-06 0 0 1 0 0 0 0 
5e-06 3.975e-06 0 1 0 0 0 0 0 
3.975e-06 5e-06 0 0 1 0 0 0 0 
-5e-06 3.975e-06 0 -1 0 0 0 0 0 
3.975e-06 -5e-06 0 0 -1 0 0 0 0 
-3.975e-06 -5e-06 0 0 -1 0 0 0 0 
-5e-06 -3.975e-06 0 -1 0 0 0 0 0 
5e-06 -3.925e-06 0 1 0 0 0 0 0 
-3.925e-06 5e-06 0 0 1 0 0 0 0 
5e-06 3.925e-06 0 1 0 0 0 0 0 
3.925e-06 5e-06 0 0 1 0 0 0 0 
-5e-06 3.925e-06 0 -1 0 0 0 0 0 
3.925e-06 -5e-06 0 0 -1 0 0 0 0 
-3.925e-06 -5e-06 0 0 -1 0 0 0 0 
-5e-06 -3.925e-06 0 -1 0 0 0 0 0 
5e-06 -3.875e-06 0 1 0 0 0 0 0 
-3.875e-06 5e-06 0 0 1 0 0 0 0 
5e-06 3.875e-06 0 1 0 0 0 0 0 
3.875e-06 5e-06 0 0 1 0 0 0 0 
-5e-06 3.875e-06 0 -1 0 0 0 0 0 
3.875e-06 -5e-06 0 0 -1 0 0 0 0 
-3.875e-06 -5e-06 0 0 -1 0 0 0 0 
-5e-06 -3.875e-06 0 -1 0 0 0 0 0 
5e-06 -3.825e-06 0 1 0 0 0 0 0 
-3.825e-06 5e-06 0 0 1 0 0 0 0 
3.825e-06 5e-06 0 0 1 0 0 0 0 
5e-06 3.825e-06 0 1 0 0 0 0 0 
3.825e-06 -5e-06 0 0 -1 0 0 0 0 
-5e-06 3.825e-06 0 -1 0 0 0 0 0 
-3.825e-06 -5e-06 0 0 -1 0 0 0 0 
-5e-06 -3.825e-06 0 -1 0 0 0 0 0 
5e-06 -3.775e-06 0 1 0 0 0 0 0 
-3.775e-06 5e-06 0 0 1 0 0 0 0 
5e-06 3.775e-06 0 1 0 0 0 0 0 
3.775e-06 5e-06 0 0 1 0 0 0 0 
3.775e-06 -5e-06 0 0 -1 0 0 0 0 
-5e-06 3.775e-06 0 -1 0 0 0 0 0 
-3.775e-06 -5e-06 0 0 -1 0 0 0 0 
-5e-06 -3.775e-06 0 -1 0 0 0 0 0 
5e-06 -3.725e-06 0 1 0 0 0 0 0 
-3.725e-06 5e-06 0 0 1 0 0 0 0 
5e-06 3.725e-06 0 1 0 0 0 0 0 
3.725e-06 5e-06 0 0 1 0 0 0 0 
-5e-06 3.725e-06 0 -1 0 0 0 0 0 
3.725e-06 -5e-06 0 0 -1 0 0 0 0 
-3.725e-06 -5e-06 0 0 -1 0 0 0 0 
-5e-06 -3.725e-06 0 -1 0 0 0 0 0 
5e-06 -3.675e-06 0 1 0 0 0 0 0 
-3.675e-06 5e-06 0 0 1 0 0 0 0 
5e-06 3.675e-06 0 1 0 0 0 0 0 
3.675e-06 5e-06 0 0 1 0 0 0 0 
3.675e-06 -5e-06 0 0 -1 0 0 0 0 
-5e-06 3.675e-06 0 -1 0 0 0 0 0 
-3.675e-06 -5e-06 0 0 -1 0 0 0 0 
-5e-06 -3.675e-06 0 -1 0 0 0 0 0 
5e-06 -3.625e-06 0 1 0 0 0 0 0 
-3.625e-06 5e-06 0 0 1 0 0 0 0 
5e-06 3.625e-06 0 1 0 0 0 0 0 
3.625e-06 5e-06 0 0 1 0 0 0 0 
3.625e-06 -5e-06 0 0 -1 0 0 0 0 
-5e-06 3.625e-06 0 -1 0 0 0 0 0 
-3.625e-06 -5e-06 0 0 -1 0 0 0 0 
-5e-06 -3.625e-06 0 -1 0 0 0 0 0 
5e-06 -3.575e-06 0 1 0 0 0 0 0 
-3.575e-06 5e-06 0 0 1 0 0 0 0 
5e-06 3.575e-06 0 1 0 0 0 0 0 
3.575e-06 5e-06 0 0 1 0 0 0 0 
3.575e-06 -5e-06 0 0 -1 0 0 0 0 
-5e-06 3.575e-06 0 -1 0 0 0 0 0 
-3.575e-06 -5e-06 0 0 -1 0 0 0 0 
-5e-06 -3.575e-06 0 -1 0 0 0 0 0 
5e-06 -3.525e-06 0 1 0 0 0 0 0 
-3.525e-06 5e-06 0 0 1 0 0 0 0 
5e-06 3.525e-06 0 1 0 0 0 0 0 
3.525e-06 5e-06 0 0 1 0 0 0 0 
-5e-06 3.525e-06 0 -1 0 0 0 0 0 
3.525e-06 -5e-06 0 0 -1 0 0 0 0 
-3.525e-06 -5e-06 0 0 -1 0 0 0 0 
-5e-06 -3.525e-06 0 -1 0 0 0 0 0 
5e-06 -3.475e-06 0 1 0 0 0 0 0 
-3.475e-06 5e-06 0 0 1 0 0 0 0 
5e-06 3.475e-06 0 1 0 0 0 0 0 
3.475e-06 5e-06 0 0 1 0 0 0 0 
-5e-06 3.475e-06 0 -1 0 0 0 0 0 
3.475e-06 -5e-06 0 0 -1 0 0 0 0 
-3.475e-06 -5e-06 0 0 -1 0 0 0 0 
-5e-06 -3.475e-06 0 -1 0 0 0 0 0 
5e-06 -3.425e-06 0 1 0 0 0 0 0 
-3.425e-06 5e-06 0 0 1 0 0 0 0 
3.425e-06 5e-06 0 0 1 0 0 0 0 
5e-06 3.425e-06 0 1 0 0 0 0 0 
3.425e-06 -5e-06 0 0 -1 0 0 0 0 
-5e-06 3.425e-06 0 -1 0 0 0 0 0 
-3.425e-06 -5e-06 0 0 -1 0 0 0 0 
-5e-06 -3.425e-06 0 -1 0 0 0 0 0 
-3.375e-06 5e-06 0 0 1 0 0 0 0 
5e-06 -3.375e-06 0 1 0 0 0 0 0 
5e-06 3.375e-06 0 1 0 0 0 0 0 
3.375e-06 5e-06 0 0 1 0 0 0 0 
3.375e-06 -5e-06 0 0 -1 0 0 0 0 
-5e-06 3.375e-06 0 -1 0 0 0 0 0 
-3.375e-06 -5e-06 0 0 -1 0 0 0 0 
-5e-06 -3.375e-06 0 -1 0 0 0 0 0 
-3.325e-06 5e-06 0 0 1 0 0 0 0 
5e-06 -3.325e-06 0 1 0 0 0 0 0 
5e-06 3.325e-06 0 1 0 0 0 0 0 
3.325e-06 5e-06 0 0 1 0 0 0 0 
3.325e-06 -5e-06 0 0 -1 0 0 0 0 
-5e-06 3.325e-06 0 -1 0 0 0 0 0 
-3.325e-06 -5e-06 0 0 -1 0 0 0 0 
-5e-06 -3.325e-06 0 -1 0 0 0 0 0 
-3.275e-06 5e-06 0 0 1 0 0 0 0 
5e-06 -3.275e-06 0 1 0 0 0 0 0 
5e-06 3.275e-06 0 1 0 0 0 0 0 
3.275e-06 5e-06 0 0 1 0 0 0 0 
3.275e-06 -5e-06 0 0 -1 0 0 0 0 
-5e-06 3.275e-06 0 -1 0 0 0 0 0 
-3.275e-06 -5e-06 0 0 -1 0 0 0 0 
-5e-06 -3.275e-06 0 -1 0 0 0 0 0 
-3.225e-06 5e-06 0 0 1 0 0 0 0 
5e-06 -3.225e-06 0 1 0 0 0 0 0 
5e-06 3.225e-06 0 1 0 0 0 0 0 
3.225e-06 5e-06 0 0 1 0 0 0 0 
3.225e-06 -5e-06 0 0 -1 0 0 0 0 
-5e-06 3.225e-06 0 -1 0 0 0 0 0 
-3.225e-06 -5e-06 0 0 -1 0 0 0 0 
-5e-06 -3.225e-06 0 -1 0 0 0 0 0 
-3.175e-06 5e-06 0 0 1 0 0 0 0 
5e-06 -3.175e-06 0 1 0 0 0 0 0 
5e-06 3.175e-06 0 1 0 0 0 0 0 
3.175e-06 5e-06 0 0 1 0 0 0 0 
3.175e-06 -5e-06 0 0 -1 0 0 0 0 
-5e-06 3.175e-06 0 -1 0 0 0 0 0 
-3.175e-06 -5e-06 0 0 -1 0 0 0 0 
-5e-06 -3.175e-06 0 -1 0 0 0 0 0 
-3.125e-06 5e-06 0 0 1 0 0 0 0 
5e-06 -3.125e-06 0 1 0 0 0 0 0 
5e-06 3.125e-06 0 1 0 0 0 0 0 
3.125e-06 5e-06 0 0 1 0 0 0 0 
3.125e-06 -5e-06 0 0 -1 0 0 0 0 
-5e-06 3.125e-06 0 -1 0 0 0 0 0 
-3.125e-06 -5e-06 0 0 -1 0 0 0 0 
-5e-06 -3.125e-06 0 -1 0 0 0 0 0 
-3.075e-06 5e-06 0 0 1 0 0 0 0 
5e-06 -3.075e-06 0 1 0 0 0 0 0 
5e-06 3.075e-06 0 1 0 0 0 0 0 
3.075e-06 5e-06 0 0 1 0 0 0 0 
3.075e-06 -5e-06 0 0 -1 0 0 0 0 
-5e-06 3.075e-06 0 -1 0 0 0 0 0 
-3.075e-06 -5e-06 0 0 -1 0 0 0 0 
-5e-06 -3.075e-06 0 -1 0 0 0 0 0 
-3.025e-06 5e-06 0 0 1 0 0 0 0 
5e-06 -3.025e-06 0 1 0 0 0 0 0 
5e-06 3.025e-06 0 1 0 0 0 0 0 
3.025e-06 5e-06 0 0 1 0 0 0 0 
3.025e-06 -5e-06 0 0 -1 0 0 0 0 
-5e-06 3.025e-06 0 -1 0 0 0 0 0 
-3.025e-06 -5e-06 0 0 -1 0 0 0 0 
-5e-06 -3.025e-06 0 -1 0 0 0 0 0 
-2.975e-06 5e-06 0 0 1 0 0 0 0 
5e-06 -2.975e-06 0 1 0 0 0 0 0 
5e-06 2.975e-06 0 1 0 0 0 0 0 
2.975e-06 5e-06 0 0 1 0 0 0 0 
2.975e-06 -5e-06 0 0 -1 0 0 0 0 
-5e-06 2.975e-06 0 -1 0 0 0 0 0 
-2.975e-06 -5e-06 0 0 -1 0 0 0 0 
-5e-06 -2.975e-06 0 -1 0 0 0 0 0 
-2.925e-06 5e-06 0 0 1 0 0 0 0 
5e-06 -2.925e-06 0 1 0 0 0 0 0 
5e-06 2.925e-06 0 1 0 0 0 0 0 
2.925e-06 5e-06 0 0 1 0 0 0 0 
2.925e-06 -5e-06 0 0 -1 0 0 0 0 
-5e-06 2.925e-06 0 -1 0 0 0 0 0 
-2.925e-06 -5e-06 0 0 -1 0 0 0 0 
-5e-06 -2.925e-06 0 -1 0 0 0 0 0 
-2.875e-06 5e-06 0 0 1 0 0 0 0 
5e-06 -2.875e-06 0 1 0 0 0 0 0 
5e-06 2.875e-06 0 1 0 0 0 0 0 
2.875e-06 5e-06 0 0 1 0 0 0 0 
2.875e-06 -5e-06 0 0 -1 0 0 0 0 
-5e-06 2.875e-06 0 -1 0 0 0 0 0 
-2.875e-06 -5e-06 0 0 -1 0 0 0 0 
-5e-06 -2.875e-06 0 -1 0 0 0 0 0 
-2.825e-06 5e-06 0 0 1 0 0 0 0 
5e-06 -2.825e-06 0 1 0 0 0 0 0 
5e-06 2.825e-06 0 1 0 0 0 0 0 
2.825e-06 5e-06 0 0 1 0 0 0 0 
2.825e-06 -5e-06 0 0 -1 0 0 0 0 
-5e-06 2.825e-06 0 -1 0 0 0 0 0 
-2.825e-06 -5e-06 0 0 -1 0 0 0 0 
-5e-06 -2.825e-06 0 -1 0 0 0 0 0 
-2.775e-06 5e-06 0 0 1 0 0 0 0 
5e-06 -2.775e-06 0 1 0 0 0 0 0 
5e-06 2.775e-06 0 1 0 0 0 0 0 
2.775e-06 5e-06 0 0 1 0 0 0 0 
2.775e-06 -5e-06 0 0 -1 0 0 0 0 
-5e-06 2.775e-06 0 -1 0 0 0 0 0 
-2.775e-06 -5e-06 0 0 -1 0 0 0 0 
-5e-06 -2.775e-06 0 -1 0 0 0 0 0 
-2.725e-06 5e-06 0 0 1 0 0 0 0 
5e-06 -2.725e-06 0 1 0 0 0 0 0 
2.725e-06 5e-06 0 0 1 0 0 0 0 
5e-06 2.725e-06 0 1 0 0 0 0 0 
2.725e-06 -5e-06 0 0 -1 0 0 0 0 
-5e-06 2.725e-06 0 -1 0 0 0 0 0 
-2.725e-06 -5e-06 0 0 -1 0 0 0 0 
-5e-06 -2.725e-06 0 -1 0 0 0 0 0 
-2.675e-06 5e-06 0 0 1 0 0 0 0 
5e-06 -2.675e-06 0 1 0 0 0 0 0 
5e-06 2.675e-06 0 1 0 0 0 0 0 
2.675e-06 5e-06 0 0 1 0 0 0 0 
2.675e-06 -5e-06 0 0 -1 0 0 0 0 
-5e-06 2.675e-06 0 -1 0 0 0 0 0 
-2.675e-06 -5e-06 0 0 -1 0 0 0 0 
-5e-06 -2.675e-06 0 -1 0 0 0 0 0 
-2.625e-06 5e-06 0 0 1 0 0 0 0 
5e-06 -2.625e-06 0 1 0 0 0 0 0 
5e-06 2.625e-06 0 1 0 0 0 0 0 
2.625e-06 5e-06 0 0 1 0 0 0 0 
2.625e-06 -5e-06 0 0 -1 0 0 0 0 
-5e-06 2.625e-06 0 -1 0 0 0 0 0 
-2.625e-06 -5e-06 0 0 -1 0 0 0 0 
-5e-06 -2.625e-06 0 -1 0 0 0 0 0 
-2.575e-06 5e-06 0 0 1 0 0 0 0 
5e-06 -2.575e-06 0 1 0 0 0 0 0 
5e-06 2.575e-06 0 1 0 0 0 0 0 
2.575e-06 5e-06 0 0 1 0 0 0 0 
2.575e-06 -5e-06 0 0 -1 0 0 0 0 
-5e-06 2.575e-06 0 -1 0 0 0 0 0 
-2.575e-06 -5e-06 0 0 -1 0 0 0 0 
-5e-06 -2.575e-06 0 -1 0 0 0 0 0 
-2.525e-06 5e-06 0 0 1 0 0 0 0 
5e-06 -2.525e-06 0 1 0 0 0 0 0 
5e-06 2.525e-06 0 1 0 0 0 0 0 
2.525e-06 5e-06 0 0 1 0 0 0 0 
2.525e-06 -5e-06 0 0 -1 0 0 0 0 
-5e-06 2.525e-06 0 -1 0 0 0 0 0 
-2.525e-06 -5e-06 0 0 -1 0 0 0 0 
-5e-06 -2.525e-06 0 -1 0 0 0 0 0 
-2.475e-06 5e-06 0 0 1 0 0 0 0 
5e-06 -2.475e-06 0 1 0 0 0 0 0 
5e-06 2.475e-06 0 1 0 0 0 0 0 
2.475e-06 5e-06 0 0 1 0 0 0 0 
2.475e-06 -5e-06 0 0 -1 0 0 0 0 
-5e-06 2.475e-06 0 -1 0 0 0 0 0 
-2.475e-06 -5e-06 0 0 -1 0 0 0 0 
-5e-06 -2.475e-06 0 -1 0 0 0 0 0 
-2.425e-06 5e-06 0 0 1 0 0 0 0 
5e-06 -2.425e-06 0 1 0 0 0 0 0 
5e-06 2.425e-06 0 1 0 0 0 0 0 
2.425e-06 5e-06 0 0 1 0 0 0 0 
2.425e-06 -5e-06 0 0 -1 0 0 0 0 
-5e-06 2.425e-06 0 -1 0 0 0 0 0 
-2.425e-06 -5e-06 0 0 -1 0 0 0 0 
-5e-06 -2.425e-06 0 -1 0 0 0 0 0 
-2.375e-06 5e-06 0 0 1 0 0 0 0 
5e-06 -2.375e-06 0 1 0 0 0 0 0 
5e-06 2.375e-06 0 1 0 0 0 0 0 
2.375e-06 5e-06 0 0 1 0 0 0 0 
2.375e-06 -5e-06 0 0 -1 0 0 0 0 
-5e-06 2.375e-06 0 -1 0 0 0 0 0 
-2.375e-06 -5e-06 0 0 -1 0 0 0 0 
-5e-06 -2.375e-06 0 -1 0 0 0 0 0 
-2.325e-06 5e-06 0 0 1 0 0 0 0 
5e-06 -2.325e-06 0 1 0 0 0 0 0 
5e-06 2.325e-06 0 1 0 0 0 0 0 
2.325e-06 5e-06 0 0 1 0 0 0 0 
2.325e-06 -5e-06 0 0 -1 0 0 0 0 
-5e-06 2.325e-06 0 -1 0 0 0 0 0 
-2.325e-06 -5e-06 0 0 -1 0 0 0 0 
-5e-06 -2.325e-06 0 -1 0 0 0 0 0 
-2.275e-06 5e-06 0 0 1 0 0 0 0 
5e-06 -2.275e-06 0 1 0 0 0 0 0 
5e-06 2.275e-06 0 1 0 0 0 0 0 
2.275e-06 5e-06 0 0 1 0 0 0 0 
2.275e-06 -5e-06 0 0 -1 0 0 0 0 
-5e-06 2.275e-06 0 -1 0 0 0 0 0 
-2.275e-06 -5e-06 0 0 -1 0 0 0 0 
-5e-06 -2.275e-06 0 -1 0 0 0 0 0 
-2.225e-06 5e-06 0 0 1 0 0 0 0 
5e-06 -2.225e-06 0 1 0 0 0 0 0 
5e-06 2.225e-06 0 1 0 0 0 0 0 
2.225e-06 5e-06 0 0 1 0 0 0 0 
2.225e-06 -5e-06 0 0 -1 0 0 0 0 
-5e-06 2.225e-06 0 -1 0 0 0 0 0 
-2.225e-06 -5e-06 0 0 -1 0 0 0 0 
-5e-06 -2.225e-06 0 -1 0 0 0 0 0 
-2.175e-06 5e-06 0 0 1 0 0 0 0 
5e-06 -2.175e-06 0 1 0 0 0 0 0 
5e-06 2.175e-06 0 1 0 0 0 0 0 
2.175e-06 5e-06 0 0 1 0 0 0 0 
2.175e-06 -5e-06 0 0 -1 0 0 0 0 
-5e-06 2.175e-06 0 -1 0 0 0 0 0 
-2.175e-06 -5e-06 0 0 -1 0 0 0 0 
-5e-06 -2.175e-06 0 -1 0 0 0 0 0 
-2.125e-06 5e-06 0 0 1 0 0 0 0 
5e-06 -2.125e-06 0 1 0 0 0 0 0 
5e-06 2.125e-06 0 1 0 0 0 0 0 
2.125e-06 5e-06 0 0 1 0 0 0 0 
2.125e-06 -5e-06 0 0 -1 0 0 0 0 
-5e-06 2.125e-06 0 -1 0 0 0 0 0 
-2.125e-06 -5e-06 0 0 -1 0 0 0 0 
-5e-06 -2.125e-06 0 -1 0 0 0 0 0 
-2.075e-06 5e-06 0 0 1 0 0 0 0 
5e-06 -2.075e-06 0 1 0 0 0 0 0 
5e-06 2.075e-06 0 1 0 0 0 0 0 
2.075e-06 5e-06 0 0 1 0 0 0 0 
2.075e-06 -5e-06 0 0 -1 0 0 0 0 
-5e-06 2.075e-06 0 -1 0 0 0 0 0 
-2.075e-06 -5e-06 0 0 -1 0 0 0 0 
-5e-06 -2.075e-06 0 -1 0 0 0 0 0 
-2.025e-06 5e-06 0 0 1 0 0 0 0 
5e-06 -2.025e-06 0 1 0 0 0 0 0 
5e-06 2.025e-06 0 1 0 0 0 0 0 
2.025e-06 5e-06 0 0 1 0 0 0 0 
2.025e-06 -5e-06 0 0 -1 0 0 0 0 
-5e-06 2.025e-06 0 -1 0 0 0 0 0 
-2.025e-06 -5e-06 0 0 -1 0 0 0 0 
-5e-06 -2.025e-06 0 -1 0 0 0 0 0 
-1.975e-06 5e-06 0 0 1 0 0 0 0 
5e-06 -1.975e-06 0 1 0 0 0 0 0 
5e-06 1.975e-06 0 1 0 0 0 0 0 
1.975e-06 5e-06 0 0 1 0 0 0 0 
1.975e-06 -5e-06 0 0 -1 0 0 0 0 
-5e-06 1.975e-06 0 -1 0 0 0 0 0 
-1.975e-06 -5e-06 0 0 -1 0 0 0 0 
-5e-06 -1.975e-06 0 -1 0 0 0 0 0 
-1.925e-06 5e-06 0 0 1 0 0 0 0 
5e-06 -1.925e-06 0 1 0 0 0 0 0 
5e-06 1.925e-06 0 1 0 0 0 0 0 
1.925e-06 5e-06 0 0 1 0 0 0 0 
1.925e-06 -5e-06 0 0 -1 0 0 0 0 
-5e-06 1.925e-06 0 -1 0 0 0 0 0 
-1.925e-06 -5e-06 0 0 -1 0 0 0 0 
-5e-06 -1.925e-06 0 -1 0 0 0 0 0 
-1.875e-06 5e-06 0 0 1 0 0 0 0 
5e-06 -1.875e-06 0 1 0 0 0 0 0 
5e-06 1.875e-06 0 1 0 0 0 0 0 
1.875e-06 5e-06 0 0 1 0 0 0 0 
1.875e-06 -5e-06 0 0 -1 0 0 0 0 
-5e-06 1.875e-06 0 -1 0 0 0 0 0 
-1.875e-06 -5e-06 0 0 -1 0 0 0 0 
-5e-06 -1.875e-06 0 -1 0 0 0 0 0 
-1.825e-06 5e-06 0 0 1 0 0 0 0 
5e-06 -1.825e-06 0 1 0 0 0 0 0 
5e-06 1.825e-06 0 1 0 0 0 0 0 
1.825e-06 5e-06 0 0 1 0 0 0 0 
1.825e-06 -5e-06 0 0 -1 0 0 0 0 
-5e-06 1.825e-06 0 -1 0 0 0 0 0 
-1.825e-06 -5e-06 0 0 -1 0 0 0 0 
-5e-06 -1.825e-06 0 -1 0 0 0 0 0 
-1.775e-06 5e-06 0 0 1 0 0 0 0 
5e-06 -1.775e-06 0 1 0 0 0 0 0 
5e-06 1.775e-06 0 1 0 0 0 0 0 
1.775e-06 5e-06 0 0 1 0 0 0 0 
1.775e-06 -5e-06 0 0 -1 0 0 0 0 
-5e-06 1.775e-06 0 -1 0 0 0 0 0 
-1.775e-06 -5e-06 0 0 -1 0 0 0 0 
-5e-06 -1.775e-06 0 -1 0 0 0 0 0 
-1.725e-06 5e-06 0 0 1 0 0 0 0 
5e-06 -1.725e-06 0 1 0 0 0 0 0 
5e-06 1.725e-06 0 1 0 0 0 0 0 
1.725e-06 5e-06 0 0 1 0 0 0 0 
1.725e-06 -5e-06 0 0 -1 0 0 0 0 
-5e-06 1.725e-06 0 -1 0 0 0 0 0 
-1.725e-06 -5e-06 0 0 -1 0 0 0 0 
-5e-06 -1.725e-06 0 -1 0 0 0 0 0 
-1.675e-06 5e-06 0 0 1 0 0 0 0 
5e-06 -1.675e-06 0 1 0 0 0 0 0 
5e-06 1.675e-06 0 1 0 0 0 0 0 
1.675e-06 5e-06 0 0 1 0 0 0 0 
1.675e-06 -5e-06 0 0 -1 0 0 0 0 
-5e-06 1.675e-06 0 -1 0 0 0 0 0 
-1.675e-06 -5e-06 0 0 -1 0 0 0 0 
-5e-06 -1.675e-06 0 -1 0 0 0 0 0 
-1.625e-06 5e-06 0 0 1 0 0 0 0 
5e-06 -1.625e-06 0 1 0 0 0 0 0 
5e-06 1.625e-06 0 1 0 0 0 0 0 
1.625e-06 5e-06 0 0 1 0 0 0 0 
1.625e-06 -5e-06 0 0 -1 0 0 0 0 
-5e-06 1.625e-06 0 -1 0 0 0 0 0 
-1.625e-06 -5e-06 0 0 -1 0 0 0 0 
-5e-06 -1.625e-06 0 -1 0 0 0 0 0 
-1.575e-06 5e-06 0 0 1 0 0 0 0 
5e-06 -1.575e-06 0 1 0 0 0 0 0 
5e-06 1.575e-06 0 1 0 0 0 0 0 
1.575e-06 5e-06 0 0 1 0 0 0 0 
1.575e-06 -5e-06 0 0 -1 0 0 0 0 
-5e-06 1.575e-06 0 -1 0 0 0 0 0 
-1.575e-06 -5e-06 0 0 -1 0 0 0 0 
-5e-06 -1.575e-06 0 -1 0 0 0 0 0 
-1.525e-06 5e-06 0 0 1 0 0 0 0 
5e-06 -1.525e-06 0 1 0 0 0 0 0 
5e-06 1.525e-06 0 1 0 0 0 0 0 
1.525e-06 5e-06 0 0 1 0 0 0 0 
1.525e-06 -5e-06 0 0 -1 0 0 0 0 
-5e-06 1.525e-06 0 -1 0 0 0 0 0 
-1.525e-06 -5e-06 0 0 -1 0 0 0 0 
-5e-06 -1.525e-06 0 -1 0 0 0 0 0 
-1.475e-06 5e-06 0 0 1 0 0 0 0 
5e-06 -1.475e-06 0 1 0 0 0 0 0 
5e-06 1.475e-06 0 1 0 0 0 0 0 
1.475e-06 5e-06 0 0 1 0 0 0 0 
1.475e-06 -5e-06 0 0 -1 0 0 0 0 
-5e-06 1.475e-06 0 -1 0 0 0 0 0 
-1.475e-06 -5e-06 0 0 -1 0 0 0 0 
-5e-06 -1.475e-06 0 -1 0 0 0 0 0 
-1.425e-06 5e-06 0 0 1 0 0 0 0 
5e-06 -1.425e-06 0 1 0 0 0 0 0 
5e-06 1.425e-06 0 1 0 0 0 0 0 
1.425e-06 5e-06 0 0 1 0 0 0 0 
1.425e-06 -5e-06 0 0 -1 0 0 0 0 
-5e-06 1.425e-06 0 -1 0 0 0 0 0 
-1.425e-06 -5e-06 0 0 -1 0 0 0 0 
-5e-06 -1.425e-06 0 -1 0 0 0 0 0 
-1.375e-06 5e-06 0 0 1 0 0 0 0 
5e-06 -1.375e-06 0 1 0 0 0 0 0 
5e-06 1.375e-06 0 1 0 0 0 0 0 
1.375e-06 5e-06 0 0 1 0 0 0 0 
1.375e-06 -5e-06 0 0 -1 0 0 0 0 
-5e-06 1.375e-06 0 -1 0 0 0 0 0 
-1.375e-06 -5e-06 0 0 -1 0 0 0 0 
-5e-06 -1.375e-06 0 -1 0 0 0 0 0 
-1.325e-06 5e-06 0 0 1 0 0 0 0 
5e-06 -1.325e-06 0 1 0 0 0 0 0 
5e-06 1.325e-06 0 1 0 0 0 0 0 
1.325e-06 5e-06 0 0 1 0 0 0 0 
1.325e-06 -5e-06 0 0 -1 0 0 0 0 
-5e-06 1.325e-06 0 -1 0 0 0 0 0 
-1.325e-06 -5e-06 0 0 -1 0 0 0 0 
-5e-06 -1.325e-06 0 -1 0 0 0 0 0 
-1.275e-06 5e-06 0 0 1 0 0 0 0 
5e-06 -1.275e-06 0 1 0 0 0 0 0 
5e-06 1.275e-06 0 1 0 0 0 0 0 
1.275e-06 5e-06 0 0 1 0 0 0 0 
1.275e-06 -5e-06 0 0 -1 0 0 0 0 
-5e-06 1.275e-06 0 -1 0 0 0 0 0 
-1.275e-06 -5e-06 0 0 -1 0 0 0 0 
-5e-06 -1.275e-06 0 -1 0 0 0 0 0 
-1.225e-06 5e-06 0 0 1 0 0 0 0 
5e-06 -1.225e-06 0 1 0 0 0 0 0 
5e-06 1.225e-06 0 1 0 0 0 0 0 
1.225e-06 5e-06 0 0 1 0 0 0 0 
1.225e-06 -5e-06 0 0 -1 0 0 0 0 
-5e-06 1.225e-06 0 -1 0 0 0 0 0 
-1.225e-06 -5e-06 0 0 -1 0 0 0 0 
-5e-06 -1.225e-06 0 -1 0 0 0 0 0 
-1.175e-06 5e-06 0 0 1 0 0 0 0 
5e-06 -1.175e-06 0 1 0 0 0 0 0 
5e-06 1.175e-06 0 1 0 0 0 0 0 
1.175e-06 5e-06 0 0 1 0 0 0 0 
1.175e-06 -5e-06 0 0 -1 0 0 0 0 
-5e-06 1.175e-06 0 -1 0 0 0 0 0 
-1.175e-06 -5e-06 0 0 -1 0 0 0 0 
-5e-06 -1.175e-06 0 -1 0 0 0 0 0 
-1.125e-06 5e-06 0 0 1 0 0 0 0 
5e-06 -1.125e-06 0 1 0 0 0 0 0 
5e-06 1.125e-06 0 1 0 0 0 0 0 
1.125e-06 5e-06 0 0 1 0 0 0 0 
1.125e-06 -5e-06 0 0 -1 0 0 0 0 
-5e-06 1.125e-06 0 -1 0 0 0 0 0 
-1.125e-06 -5e-06 0 0 -1 0 0 0 0 
-5e-06 -1.125e-06 0 -1 0 0 0 0 0 
-1.075e-06 5e-06 0 0 1 0 0 0 0 
5e-06 -1.075e-06 0 1 0 0 0 0 0 
5e-06 1.075e-06 0 1 0 0 0 0 0 
1.075e-06 5e-06 0 0 1 0 0 0 0 
1.075e-06 -5e-06 0 0 -1 0 0 0 0 
-5e-06 1.075e-06 0 -1 0 0 0 0 0 
-1.075e-06 -5e-06 0 0 -1 0 0 0 0 
-5e-06 -1.075e-06 0 -1 0 0 0 0 0 
-1.025e-06 5e-06 0 0 1 0 0 0 0 
5e-06 -1.025e-06 0 1 0 0 0 0 0 
5e-06 1.025e-06 0 1 0 0 0 0 0 
1.025e-06 5e-06 0 0 1 0 0 0 0 
1.025e-06 -5e-06 0 0 -1 0 0 0 0 
-5e-06 1.025e-06 0 -1 0 0 0 0 0 
-1.025e-06 -5e-06 0 0 -1 0 0 0 0 
-5e-06 -1.025e-06 0 -1 0 0 0 0 0 
-9.75e-07 5e-06 0 0 1 0 0 0 0 
5e-06 -9.75e-07 0 1 0 0 0 0 0 
5e-06 9.75e-07 0 1 0 0 0 0 0 
9.75e-07 5e-06 0 0 1 0 0 0 0 
9.75e-07 -5e-06 0 0 -1 0 0 0 0 
-5e-06 9.75e-07 0 -1 0 0 0 0 0 
-9.75e-07 -5e-06 0 0 -1 0 0 0 0 
-5e-06 -9.75e-07 0 -1 0 0 0 0 0 
-9.25e-07 5e-06 0 0 1 0 0 0 0 
5e-06 -9.25e-07 0 1 0 0 0 0 0 
5e-06 9.25e-07 0 1 0 0 0 0 0 
9.25e-07 5e-06 0 0 1 0 0 0 0 
9.25e-07 -5e-06 0 0 -1 0 0 0 0 
-5e-06 9.25e-07 0 -1 0 0 0 0 0 
-9.25e-07 -5e-06 0 0 -1 0 0 0 0 
-5e-06 -9.25e-07 0 -1 0 0 0 0 0 
-8.75e-07 5e-06 0 0 1 0 0 0 0 
5e-06 -8.75e-07 0 1 0 0 0 0 0 
5e-06 8.75e-07 0 1 0 0 0 0 0 
8.75e-07 5e-06 0 0 1 0 0 0 0 
8.75e-07 -5e-06 0 0 -1 0 0 0 0 
-5e-06 8.75e-07 0 -1 0 0 0 0 0 
-8.75e-07 -5e-06 0 0 -1 0 0 0 0 
-5e-06 -8.75e-07 0 -1 0 0 0 0 0 
-8.25e-07 5e-06 0 0 1 0 0 0 0 
5e-06 -8.25e-07 0 1 0 0 0 0 0 
5e-06 8.25e-07 0 1 0 0 0 0 0 
8.25e-07 5e-06 0 0 1 0 0 0 0 
8.25e-07 -5e-06 0 0 -1 0 0 0 0 
-5e-06 8.25e-07 0 -1 0 0 0 0 0 
-8.25e-07 -5e-06 0 0 -1 0 0 0 0 
-5e-06 -8.25e-07 0 -1 0 0 0 0 0 
-7.75e-07 5e-06 0 0 1 0 0 0 0 
5e-06 -7.75e-07 0 1 0 0 0 0 0 
5e-06 7.75e-07 0 1 0 0 0 0 0 
7.75e-07 5e-06 0 0 1 0 0 0 0 
7.75e-07 -5e-06 0 0 -1 0 0 0 0 
-5e-06 7.75e-07 0 -1 0 0 0 0 0 
-7.75e-07 -5e-06 0 0 -1 0 0 0 0 
-5e-06 -7.75e-07 0 -1 0 0 0 0 0 
-7.25e-07 5e-06 0 0 1 0 0 0 0 
5e-06 -7.25e-07 0 1 0 0 0 0 0 
5e-06 7.25e-07 0 1 0 0 0 0 0 
7.25e-07 5e-06 0 0 1 0 0 0 0 
7.25e-07 -5e-06 0 0 -1 0 0 0 0 
-5e-06 7.25e-07 0 -1 0 0 0 0 0 
-7.25e-07 -5e-06 0 0 -1 0 0 0 0 
-5e-06 -7.25e-07 0 -1 0 0 0 0 0 
-6.75e-07 5e-06 0 0 1 0 0 0 0 
5e-06 -6.75e-07 0 1 0 0 0 0 0 
5e-06 6.75e-07 0 1 0 0 0 0 0 
6.75e-07 5e-06 0 0 1 0 0 0 0 
6.75e-07 -5e-06 0 0 -1 0 0 0 0 
-5e-06 6.75e-07 0 -1 0 0 0 0 0 
-6.75e-07 -5e-06 0 0 -1 0 0 0 0 
-5e-06 -6.75e-07 0 -1 0 0 0 0 0 
-6.25e-07 5e-06 0 0 1 0 0 0 0 
5e-06 -6.25e-07 0 1 0 0 0 0 0 
5e-06 6.25e-07 0 1 0 0 0 0 0 
6.25e-07 5e-06 0 0 1 0 0 0 0 
6.25e-07 -5e-06 0 0 -1 0 0 0 0 
-5e-06 6.25e-07 0 -1 0 0 0 0 0 
-6.25e-07 -5e-06 0 0 -1 0 0 0 0 
-5e-06 -6.25e-07 0 -1 0 0 0 0 0 
-5.75e-07 5e-06 0 0 1 0 0 0 0 
5e-06 -5.75e-07 0 1 0 0 0 0 0 
5e-06 5.75e-07 0 1 0 0 0 0 0 
5.75e-07 5e-06 0 0 1 0 0 0 0 
5.75e-07 -5e-06 0 0 -1 0 0 0 0 
-5e-06 5.75e-07 0 -1 0 0 0 0 0 
-5.75e-07 -5e-06 0 0 -1 0 0 0 0 
-5e-06 -5.75e-07 0 -1 0 0 0 0 0 
-5.25e-07 5e-06 0 0 1 0 0 0 0 
5e-06 -5.25e-07 0 1 0 0 0 0 0 
5e-06 5.25e-07 0 1 0 0 0 0 0 
5.25e-07 5e-06 0 0 1 0 0 0 0 
5.25e-07 -5e-06 0 0 -1 0 0 0 0 
-5e-06 5.25e-07 0 -1 0 0 0 0 0 
-5.25e-07 -5e-06 0 0 -1 0 0 0 0 
-5e-06 -5.25e-07 0 -1 0 0 0 0 0 
-4.75e-07 5e-06 0 0 1 0 0 0 0 
5e-06 -4.75e-07 0 1 0 0 0 0 0 
5e-06 4.75e-07 0 1 0 0 0 0 0 
4.75e-07 5e-06 0 0 1 0 0 0 0 
4.75e-07 -5e-06 0 0 -1 0 0 0 0 
-5e-06 4.75e-07 0 -1 0 0 0 0 0 
-4.75e-07 -5e-06 0 0 -1 0 0 0 0 
-5e-06 -4.75e-07 0 -1 0 0 0 0 0 
-4.25e-07 5e-06 0 0 1 0 0 0 0 
5e-06 -4.25e-07 0 1 0 0 0 0 0 
5e-06 4.25e-07 0 1 0 0 0 0 0 
4.25e-07 5e-06 0 0 1 0 0 0 0 
4.25e-07 -5e-06 0 0 -1 0 0 0 0 
-5e-06 4.25e-07 0 -1 0 0 0 0 0 
-4.25e-07 -5e-06 0 0 -1 0 0 0 0 
-5e-06 -4.25e-07 0 -1 0 0 0 0 0 
-3.75e-07 5e-06 0 0 1 0 0 0 0 
5e-06 -3.75e-07 0 1 0 0 0 0 0 
5e-06 3.75e-07 0 1 0 0 0 0 0 
3.75e-07 5e-06 0 0 1 0 0 0 0 
3.75e-07 -5e-06 0 0 -1 0 0 0 0 
-5e-06 3.75e-07 0 -1 0 0 0 0 0 
-3.75e-07 -5e-06 0 0 -1 0 0 0 0 
-5e-06 -3.75e-07 0 -1 0 0 0 0 0 
-3.25e-07 5e-06 0 0 1 0 0 0 0 
5e-06 -3.25e-07 0 1 0 0 0 0 0 
5e-06 3.25e-07 0 1 0 0 0 0 0 
3.25e-07 5e-06 0 0 1 0 0 0 0 
3.25e-07 -5e-06 0 0 -1 0 0 0 0 
-5e-06 3.25e-07 0 -1 0 0 0 0 0 
-3.25e-07 -5e-06 0 0 -1 0 0 0 0 
-5e-06 -3.25e-07 0 -1 0 0 0 0 0 
-2.75e-07 5e-06 0 0 1 0 0 0 0 
5e-06 -2.75e-07 0 1 0 0 0 0 0 
5e-06 2.75e-07 0 1 0 0 0 0 0 
2.75e-07 5e-06 0 0 1 0 0 0 0 
2.75e-07 -5e-06 0 0 -1 0 0 0 0 
-5e-06 2.75e-07 0 -1 0 0 0 0 0 
-2.75e-07 -5e-06 0 0 -1 0 0 0 0 
-5e-06 -2.75e-07 0 -1 0 0 0 0 0 
-2.25e-07 5e-06 0 0 1 0 0 0 0 
5e-06 -2.25e-07 0 1 0 0 0 0 0 
5e-06 2.25e-07 0 1 0 0 0 0 0 
2.25e-07 5e-06 0 0 1 0 0 0 0 
2.25e-07 -5e-06 0 0 -1 0 0 0 0 
-5e-06 2.25e-07 0 -1 0 0 0 0 0 
-2.25e-07 -5e-06 0 0 -1 0 0 0 0 
-5e-06 -2.25e-07 0 -1 0 0 0 0 0 
-1.75e-07 5e-06 0 0 1 0 0 0 0 
5e-06 -1.75e-07 0 1 0 0 0 0 0 
5e-06 1.75e-07 0 1 0 0 0 0 0 
1.75e-07 5e-06 0 0 1 0 0 0 0 
1.75e-07 -5e-06 0 0 -1 0 0 0 0 
-5e-06 1.75e-07 0 -1 0 0 0 0 0 
-1.75e-07 -5e-06 0 0 -1 0 0 0 0 
-5e-06 -1.75e-07 0 -1 0 0 0 0 0 
-1.25e-07 5e-06 0 0 1 0 0 0 0 
5e-06 -1.25e-07 0 1 0 0 0 0 0 
5e-06 1.25e-07 0 1 0 0 0 0 0 
1.25e-07 5e-06 0 0 1 0 0 0 0 
1.25e-07 -5e-06 0 0 -1 0 0 0 0 
-5e-06 1.25e-07 0 -1 0 0 0 0 0 
-1.25e-07 -5e-06 0 0 -1 0 0 0 0 
-5e-06 -1.25e-07 0 -1 0 0 0 0 0 
-7.5e-08 5e-06 0 0 1 0 0 0 0 
5e-06 -7.5e-08 0 1 0 0 0 0 0 
5e-06 7.5e-08 0 1 0 0 0 0 0 
7.5e-08 5e-06 0 0 1 0 0 0 0 
7.5e-08 -5e-06 0 0 -1 0 0 0 0 
-5e-06 7.5e-08 0 -1 0 0 0 0 0 
-7.5e-08 -5e-06 0 0 -1 0 0 0 0 
-5e-06 -7.5e-08 0 -1 0 0 0 0 0 
-2.5e-08 5e-06 0 0 1 0 0 0 0 
5e-06 -2.5e-08 0 1 0 0 0 0 0 
5e-06 2.5e-08 0 1 0 0 0 0 0 
2.5e-08 5e-06 0 0 1 0 0 0 0 
2.5e-08 -5e-06 0 0 -1 0 0 0 0 
-5e-06 2.5e-08 0 -1 0 0 0 0 0 
-2.5e-08 -5e-06 0 0 -1 0 0 0 0 
-5e-06 -2.5e-08 0 -1 0 0 0 0 0 
